src_idx,dst_idx,t,weight
5,97,0,0.4624000000000001
5,317,0,0.6732
5,659,0,0.4624000000000001
7,686,0,0.9801
17,524,0,0.9405
17,662,0,0.9025
23,161,0,0.6732
23,290,0,0.6732
23,355,0,0.646
23,410,0,0.646
23,413,0,0.4624000000000001
23,416,0,0.6732
23,585,0,0.6732
23,662,0,0.646
32,168,0,0.9801
32,317,0,0.9801
32,347,0,0.6732
42,290,0,0.6732
42,524,0,0.6732
42,662,0,0.646
49,485,0,0.6732
49,540,0,0.4624000000000001
52,79,0,0.9801
52,357,0,0.9801
52,367,0,0.9801
52,467,0,0.9801
52,644,0,0.9801
52,690,0,0.9405
55,413,0,0.6732
67,355,0,0.646
67,662,0,0.646
74,681,0,0.9801
79,272,0,0.9801
79,467,0,0.9801
79,681,0,0.9801
82,147,0,0.9405
97,121,0,0.6732
97,168,0,0.6732
97,317,0,0.6732
97,347,0,0.4624000000000001
97,370,0,0.4624000000000001
97,517,0,0.6732
97,575,0,0.6732
114,662,0,0.646
121,659,0,0.6732
126,272,0,0.9801
126,357,0,0.9801
126,413,0,0.6732
137,196,0,0.4624000000000001
137,218,0,0.6732
137,220,0,0.646
137,290,0,0.6732
137,311,0,0.6732
137,382,0,0.6732
137,401,0,0.6732
137,487,0,0.6732
137,505,0,0.646
137,564,0,0.4624000000000001
137,587,0,0.4624000000000001
137,672,0,0.6732
139,222,0,0.9405
147,172,0,0.9405
147,303,0,0.6732
147,314,0,0.6732
147,321,0,0.9405
147,398,0,0.6732
147,506,0,0.9801
149,168,0,0.9801
149,347,0,0.6732
149,370,0,0.6732
153,681,0,0.9801
161,220,0,0.9405
161,482,0,0.6732
161,567,0,0.9405
161,662,0,0.9405
165,413,0,0.6732
168,219,0,0.9801
168,237,0,0.9405
168,313,0,0.6732
168,317,0,0.9801
168,372,0,0.6732
168,386,0,0.9801
168,540,0,0.6732
168,575,0,0.9801
168,657,0,0.9405
168,659,0,0.6732
176,413,0,0.4624000000000001
176,662,0,0.646
181,290,0,0.9801
183,290,0,0.9801
183,355,0,0.9405
183,662,0,0.9405
195,662,0,0.9405
196,290,0,0.6732
196,416,0,0.6732
196,524,0,0.6732
196,585,0,0.6732
196,662,0,0.646
197,687,0,0.9801
204,410,0,0.646
218,272,0,0.9801
218,290,0,0.9801
218,410,0,0.9405
218,416,0,0.9801
218,524,0,0.9801
220,272,0,0.9405
220,290,0,0.9405
220,355,0,0.9025
220,357,0,0.9405
220,410,0,0.9025
220,413,0,0.646
220,416,0,0.9405
220,524,0,0.9405
220,585,0,0.9405
220,662,0,0.9025
225,272,0,0.9801
225,357,0,0.9801
234,524,0,0.9801
234,662,0,0.9405
237,317,0,0.9405
237,370,0,0.646
238,681,0,0.9801
246,681,0,0.9801
272,274,0,0.9801
272,285,0,0.6732
272,307,0,0.9801
272,330,0,0.9801
272,365,0,0.9405
272,467,0,0.9801
272,556,0,0.9801
272,586,0,0.9405
272,614,0,0.9801
272,644,0,0.9801
272,662,0,0.9405
272,690,0,0.9405
272,694,0,0.9801
272,695,0,0.9405
290,300,0,0.9801
290,382,0,0.9801
290,387,0,0.9801
290,401,0,0.9801
290,487,0,0.9801
290,505,0,0.9405
290,524,0,0.9801
290,564,0,0.6732
290,567,0,0.9405
290,583,0,0.9801
290,587,0,0.6732
290,662,0,0.9405
312,355,0,0.9405
317,347,0,0.6732
317,370,0,0.6732
317,372,0,0.6732
317,517,0,0.9801
317,540,0,0.6732
317,575,0,0.9801
317,659,0,0.6732
320,540,0,0.6732
329,681,0,0.6732
339,686,0,0.9801
347,372,0,0.4624000000000001
347,452,0,0.6732
355,403,0,0.9405
355,482,0,0.646
355,505,0,0.9025
355,567,0,0.9025
355,583,0,0.9405
355,662,0,0.9025
357,467,0,0.9801
357,494,0,0.9801
357,529,0,0.9801
357,614,0,0.9801
357,617,0,0.9405
357,644,0,0.9801
357,653,0,0.9801
357,662,0,0.9405
357,688,0,0.9801
357,690,0,0.9405
359,540,0,0.6732
364,485,0,0.9801
370,452,0,0.6732
370,517,0,0.6732
370,659,0,0.4624000000000001
372,575,0,0.6732
382,416,0,0.9801
382,524,0,0.9801
385,540,0,0.646
388,410,0,0.9405
393,416,0,0.9801
393,524,0,0.9801
401,410,0,0.9405
401,416,0,0.9801
401,524,0,0.9801
410,420,0,0.9025
410,505,0,0.9025
410,567,0,0.9025
413,567,0,0.646
416,505,0,0.9405
416,567,0,0.9405
416,587,0,0.6732
416,662,0,0.9405
416,672,0,0.9801
416,689,0,0.6732
438,485,0,0.9801
438,540,0,0.6732
469,681,0,0.9801
474,686,0,0.6732
482,662,0,0.646
485,540,0,0.6732
487,524,0,0.9801
487,585,0,0.9801
505,524,0,0.9405
505,585,0,0.9405
505,662,0,0.9025
524,564,0,0.6732
524,585,0,0.9801
524,587,0,0.6732
524,658,0,0.9801
524,672,0,0.9801
537,662,0,0.9405
564,662,0,0.646
567,585,0,0.9405
567,662,0,0.9025
583,585,0,0.9801
583,662,0,0.9405
585,662,0,0.9405
644,681,0,0.9801
662,676,0,0.9405
681,690,0,0.9405
681,694,0,0.9801
686,696,0,0.9405
5,53,1,0.6709437106856259
5,117,1,0.6704493360199186
5,129,1,0.6584884380510359
5,240,1,0.746814617922872
5,310,1,0.6949062939384392
5,317,1,0.8346244063636516
5,566,1,0.6289150596611115
5,648,1,0.4040921388830168
7,53,1,0.4057952506087411
7,357,1,0.7425221847747123
7,681,1,0.6020395395613299
7,686,1,0.9789253517666532
24,66,1,0.3824123142981278
27,686,1,0.6192004409148545
32,117,1,0.6620120627184237
32,168,1,0.9618288119899578
32,317,1,0.94224771023737
32,566,1,0.5408805005110396
33,117,1,0.6447597003904325
33,129,1,0.6172113967168475
33,168,1,0.7696401878773422
33,199,1,0.3742867388577784
33,317,1,0.715052074571882
33,566,1,0.6642265948333923
39,148,1,0.5502889073592268
39,245,1,0.6568631716034092
39,313,1,0.6967071250445334
39,566,1,0.5395875200366889
39,575,1,0.9733714005749908
53,69,1,0.625769834608081
53,79,1,0.3655131787018391
53,117,1,0.462383163597201
53,121,1,0.3448806610398864
53,129,1,0.4586438528527009
53,137,1,0.250781387134209
53,168,1,0.6240488277357941
53,244,1,0.6455252070154773
53,296,1,0.6212084963479951
53,317,1,0.6002262116758605
53,370,1,0.5480748347217176
53,408,1,0.3608984893030593
53,460,1,0.4434967164347103
53,517,1,0.6237192286865378
53,557,1,0.6033902448296665
53,566,1,0.4170414200105134
53,648,1,0.3068817662485458
53,671,1,0.5863044837096569
53,686,1,0.4315993471274141
56,347,1,0.5635783054693854
60,97,1,0.6718735982031154
60,273,1,0.9341225254668322
60,660,1,0.5257282691099312
66,97,1,0.3849018780515555
66,273,1,0.6574013637990916
66,372,1,0.5482403195059127
66,379,1,0.6731851856844752
66,566,1,0.3290972712470454
69,159,1,0.6564322357902086
69,566,1,0.4571739774899958
69,614,1,0.7999086145920279
69,648,1,0.6009759772663726
74,681,1,0.660239908065522
79,681,1,0.6568752937837133
79,686,1,0.972814304077546
88,240,1,0.520789235676675
88,412,1,0.7635445284937447
97,121,1,0.4786205477669044
97,138,1,0.3776979147932159
97,161,1,0.5892726257792381
97,347,1,0.5287580394173805
97,411,1,0.6123829595873035
97,575,1,0.5525444178927832
97,625,1,0.4352446127434417
116,357,1,0.6221656663472405
117,129,1,0.459129077533626
117,193,1,0.6597295890389112
117,195,1,0.3610615244240774
117,209,1,0.6439841054149587
117,237,1,0.6580728245786973
117,240,1,0.4754077058860285
117,251,1,0.6144164896124383
117,266,1,0.6352654044671818
117,299,1,0.43503225638798
117,310,1,0.4324875244581718
117,317,1,0.6028056969275113
117,327,1,0.5611217471341886
117,340,1,0.3738212523606317
117,356,1,0.3563238690431989
117,386,1,0.5541355298952728
117,407,1,0.622362657443476
117,451,1,0.3922355909877669
117,457,1,0.6192516464565879
117,508,1,0.5213756138051605
117,566,1,0.4153218805095952
117,598,1,0.581589659745792
117,613,1,0.65445006165554
117,645,1,0.4609030391046557
117,648,1,0.3098222104895932
117,658,1,0.3718859930754886
117,659,1,0.2618610958089349
117,660,1,0.4907399973637229
117,670,1,0.4390827368597316
117,671,1,0.5839686386513251
117,673,1,0.4620739197301898
121,273,1,0.8990143357415187
121,310,1,0.9662448435244336
121,566,1,0.5607707819978485
126,357,1,0.9015608956463098
129,168,1,0.6510993360584714
129,183,1,0.3875399201199714
129,193,1,0.6709726389834089
129,195,1,0.4259696740658964
129,237,1,0.6365683591836948
129,240,1,0.4201129793775547
129,310,1,0.368173791713104
129,317,1,0.6341265664393445
129,327,1,0.5129906953634913
129,340,1,0.4376521790593582
129,370,1,0.4938979812213615
129,451,1,0.360385928765028
129,517,1,0.586429485887026
129,540,1,0.6702012104037502
129,566,1,0.3882482824216476
129,648,1,0.3483863170645671
129,659,1,0.3052587583613207
129,660,1,0.4325517701840531
137,218,1,0.6604103287009884
137,290,1,0.6252301364681994
137,311,1,0.6660620964723367
137,401,1,0.6097182379177836
137,452,1,0.6671823376782365
137,672,1,0.5357102585793894
138,185,1,0.4980043288656764
138,240,1,0.5780689661651779
138,273,1,0.6531585185570854
138,281,1,0.6702516516203685
138,310,1,0.6361401472350852
138,372,1,0.5386212582648553
138,457,1,0.4673715276521643
138,515,1,0.6442273077220988
138,566,1,0.3379190039206926
138,575,1,0.6731840458097202
138,670,1,0.2919174641667446
147,199,1,0.4181635918693266
149,168,1,0.8456819111262335
149,290,1,0.8874639437521182
149,524,1,0.3524019081782821
150,372,1,0.76021363853817
153,681,1,0.7703720520541207
168,183,1,0.7493505068114111
168,193,1,0.965031921751995
168,195,1,0.7926707094606615
168,237,1,0.8153027726301014
168,290,1,0.6083696264370961
168,313,1,0.7546529192694216
168,317,1,0.9765253598068252
168,327,1,0.5610485467159446
168,386,1,0.9547521813663336
168,407,1,0.7056164189814947
168,540,1,0.9202184663622291
168,566,1,0.4537663534955903
168,598,1,0.6372758065034281
168,613,1,0.970593768044448
168,648,1,0.6030470582366173
168,657,1,0.793509812057676
168,659,1,0.5583320065020488
170,540,1,0.7940662680431366
174,668,1,0.505086172911364
183,290,1,0.9274297110427135
183,317,1,0.8005218418292811
183,662,1,0.526747565300041
193,317,1,0.9469038237233588
195,317,1,0.8389660191280098
195,662,1,0.4953705922380675
199,372,1,0.5611254232004937
216,347,1,0.9205892655363536
218,290,1,0.9388620098635104
218,524,1,0.4964682215345851
227,625,1,0.6243867748978521
237,317,1,0.7659144878651243
237,370,1,0.896627900689254
238,681,1,0.6598173109597238
240,347,1,0.8624607851543942
240,370,1,0.934215278091264
240,408,1,0.6448420724072776
240,517,1,0.8836622990955597
240,566,1,0.6192841540164897
240,575,1,0.8386901736873884
241,668,1,0.4505739117023266
244,566,1,0.5715072371282931
267,625,1,0.6129873427927112
273,347,1,0.9371637189947164
273,370,1,0.6664884700390065
273,372,1,0.8865794474123564
273,566,1,0.3660329730514283
273,575,1,0.9525336031075072
273,625,1,0.6729745163201991
276,686,1,0.6696776822162291
290,317,1,0.6673521670600505
290,386,1,0.7546992961113518
290,401,1,0.924709998317608
290,452,1,0.8705646219310932
290,524,1,0.5013174355365424
290,648,1,0.5932930809776368
290,662,1,0.5652719111330056
296,566,1,0.672323168859502
310,347,1,0.9416907887239964
310,370,1,0.950824414576494
310,372,1,0.5710942658386672
310,517,1,0.8698886528742349
310,566,1,0.6152510290043187
310,575,1,0.9239153517595036
310,625,1,0.5541453512553973
317,340,1,0.8502124443696107
317,407,1,0.6449998527256097
317,451,1,0.3526181858482136
317,488,1,0.754896126559706
317,517,1,0.6426252607853491
317,540,1,0.8880776889359834
317,566,1,0.4096780781611951
317,598,1,0.5759308443613393
317,648,1,0.6263799129636696
317,659,1,0.5883895093007137
317,671,1,0.5822564194750135
320,540,1,0.9798763873526132
327,347,1,0.8258607111511116
327,566,1,0.6675027936364203
339,681,1,0.5269964872981109
339,686,1,0.9791172612025664
347,349,1,0.943904073257984
347,372,1,0.7558563870363016
347,379,1,0.9774621262111416
347,412,1,0.974810169793243
347,566,1,0.5153943508264665
347,660,1,0.9027235529645444
349,370,1,0.6838735373266428
354,485,1,0.5396843263136073
354,540,1,0.9571416811958408
357,529,1,0.8450361837795946
357,614,1,0.7810195970627979
357,648,1,0.4772528347389087
357,662,1,0.6364117138834927
364,485,1,0.9680253672430272
368,378,1,0.6447862225620462
368,686,1,0.6147345602583745
370,517,1,0.9534425562360964
370,566,1,0.6631594897003514
370,590,1,0.469592112640659
370,625,1,0.4448627417974667
370,665,1,0.6477504719539044
372,379,1,0.7948556941358732
372,411,1,0.8668818388682661
372,575,1,0.7877254106814606
372,660,1,0.4782295817409464
378,395,1,0.5824198649754189
378,421,1,0.4977665271743959
378,558,1,0.7712015389468982
378,566,1,0.431024756984683
392,471,1,0.6405068179114989
395,686,1,0.6728163454892959
401,524,1,0.5911288614458153
408,566,1,0.4503585748031521
411,566,1,0.3981870445127172
412,566,1,0.5575483951815321
438,485,1,0.8470497529105363
438,540,1,0.9511516519354988
448,662,1,0.3784489964393269
460,569,1,0.6517682321431026
469,681,1,0.8650014038360536
470,668,1,0.449950733052984
475,540,1,0.5123386894534532
485,540,1,0.7030835463131734
485,638,1,0.6731463072898136
497,686,1,0.5345597584562786
515,682,1,0.5121907962762207
517,566,1,0.671954552761652
524,658,1,0.3969330978173315
524,659,1,0.2663431283915136
524,672,1,0.6458193068785312
540,543,1,0.481813464565718
540,566,1,0.5972000849319411
540,569,1,0.8235282344481627
540,586,1,0.5272818744422972
540,588,1,0.6234911804550678
540,611,1,0.8962945499177642
540,648,1,0.4632161379327884
540,668,1,0.4608990862605209
540,670,1,0.6338694347262801
544,668,1,0.4614227567928139
557,686,1,0.8967449515201374
562,576,1,0.6171646041048037
562,668,1,0.4592472399748972
566,569,1,0.6702723525892074
566,575,1,0.4887950147936928
566,625,1,0.24128895773288
566,660,1,0.643367126758577
566,668,1,0.4364011954070448
569,671,1,0.9351567744352688
648,662,1,0.2830495154792042
648,686,1,0.6729018110830263
659,662,1,0.3287871612189693
5,97,2,0.3404296862282316
5,240,2,0.43452421182797
5,273,2,0.3435556661565346
5,310,2,0.6064279162461632
5,317,2,0.6431578302103754
17,88,2,0.94030588912759
17,138,2,0.5342711081704907
24,461,2,0.590786450919895
24,619,2,0.6641483809859259
32,317,2,0.9795769875486054
33,317,2,0.4752587612727127
34,682,2,0.9629804682268852
39,99,2,0.5261998056442163
39,245,2,0.745967017319644
39,313,2,0.8441530883716932
39,575,2,0.9755387818382736
39,612,2,0.732503265455153
47,106,2,0.8876723446775541
48,87,2,0.8614146751698311
48,199,2,0.6001771583982083
48,248,2,0.9790906815266224
49,540,2,0.4448468638671343
58,138,2,0.9318652184389576
58,162,2,0.670232385083335
59,138,2,0.6727612995769473
60,97,2,0.6787258459472234
60,271,2,0.979971505724435
60,273,2,0.7203807614057565
60,594,2,0.8850293580389677
60,679,2,0.7950291356043144
66,97,2,0.8890602552400226
66,271,2,0.7719595935364956
66,273,2,0.9294674211458834
66,372,2,0.9187535244601392
66,605,2,0.806835336135024
82,147,2,0.3567062325230036
88,145,2,0.6519437062320849
88,499,2,0.579037780986038
88,565,2,0.6630461182877273
90,625,2,0.975719931230808
97,121,2,0.924041303682954
97,347,2,0.9326051303206264
97,370,2,0.772849383355781
97,411,2,0.935011855383406
97,517,2,0.7838432507292068
97,575,2,0.9360154490834396
97,625,2,0.4738561250367056
99,147,2,0.6279908668025376
121,271,2,0.5555517689526674
121,273,2,0.9592110156896694
121,310,2,0.910460387943763
127,627,2,0.9293140113755184
138,162,2,0.617683302002967
138,254,2,0.9093062907887608
138,271,2,0.606141774788339
138,461,2,0.652301882685027
138,565,2,0.4821639414948362
138,577,2,0.9206460936650316
138,594,2,0.8710909531336646
138,619,2,0.8083423679160582
146,625,2,0.9055660487053688
147,199,2,0.5329784781894173
147,565,2,0.671798744147022
147,642,2,0.88175707200361
147,685,2,0.3480901607735808
162,254,2,0.6729626233067398
164,524,2,0.3517741029979601
170,540,2,0.4523799076365978
199,372,2,0.6549560587709771
199,593,2,0.4029071451292587
237,317,2,0.930446779394098
237,370,2,0.9066449548845206
240,317,2,0.5363823391831115
240,347,2,0.5784143360350501
240,370,2,0.6719716543870241
240,372,2,0.5463012584580708
240,517,2,0.6709793846881537
240,575,2,0.567109831602247
270,372,2,0.4981283677088191
271,347,2,0.6011864356294137
271,372,2,0.6661664101347804
271,575,2,0.6256201799590592
271,593,2,0.9243004750890428
273,347,2,0.9692208492594022
273,370,2,0.794362265989322
273,372,2,0.9782082422159586
273,517,2,0.806145816755838
273,575,2,0.9733802139105704
273,625,2,0.5101995158112228
310,317,2,0.7177767819384847
310,347,2,0.8880228100316276
310,370,2,0.9793262931768456
310,372,2,0.8486302865333396
310,517,2,0.9799247673934488
310,575,2,0.8743128927230789
317,370,2,0.7437228440521056
317,412,2,0.5296681191256565
317,517,2,0.7302678675278733
317,540,2,0.5379564676557496
320,540,2,0.6342118965962898
327,347,2,0.606169031456329
333,619,2,0.840472735414733
334,517,2,0.7101097862476355
334,593,2,0.5741624403203173
347,349,2,0.7362806971599007
347,372,2,0.9763937050055028
347,412,2,0.9631758698546056
347,565,2,0.3395907630673431
347,568,2,0.6653937860413415
359,540,2,0.5881943507940522
369,625,2,0.9241902784872016
370,401,2,0.6341460477650428
370,517,2,0.9798874408022828
372,411,2,0.968984118613808
372,513,2,0.8581072768737559
372,575,2,0.9786165940373784
372,604,2,0.7627141414722585
414,625,2,0.9192686332155428
438,540,2,0.6162285455695427
461,619,2,0.6196276980211581
467,693,2,0.97991002059302
502,540,2,0.4593560334040554
515,682,2,0.972088361921116
524,680,2,0.4241764324099596
540,543,2,0.4604499312059186
540,545,2,0.4473920944477842
540,588,2,0.3692105233563449
540,664,2,0.4385959966799404
565,593,2,0.6587664894747552
575,693,2,0.8636023397467648
593,625,2,0.9771898130592992
594,625,2,0.9666394046501487
619,694,2,0.918433608211746
24,66,3,0.5533597759118027
24,461,3,0.6534948138801251
24,619,3,0.5626876003133989
30,33,3,0.9675266404543968
30,168,3,0.8229106887669324
30,317,3,0.9246687233013292
30,347,3,0.3804261486530084
30,517,3,0.3799303348811783
30,524,3,0.962688326846117
32,66,3,0.4140998967879506
32,168,3,0.5824130312076049
32,317,3,0.9798555674359662
32,333,3,0.9158764904498974
32,347,3,0.5517958661889626
33,168,3,0.8973538287818752
33,317,3,0.8609256681918663
56,317,3,0.8573632472916569
56,347,3,0.6319847190262797
56,517,3,0.6318650299986032
58,162,3,0.6681918291156097
66,317,3,0.402143282667297
66,379,3,0.5085650098208555
66,461,3,0.305711427535632
67,168,3,0.6341063608902505
67,317,3,0.9373966270988702
67,347,3,0.4883952394543181
67,619,3,0.8001542958636746
85,347,3,0.3373964513109634
88,145,3,0.6342998257167954
88,412,3,0.6184505215567587
88,461,3,0.3450522645624753
102,378,3,0.5169127258691719
106,317,3,0.551409429101601
106,686,3,0.9222132622897382
111,686,3,0.7195674009141501
137,216,3,0.9769977927137936
137,220,3,0.6571716873390449
137,401,3,0.7166694807280778
137,452,3,0.9795108431883084
138,317,3,0.9665622285927584
138,461,3,0.670811152427986
138,515,3,0.6542700653213975
138,577,3,0.6481096901069882
138,594,3,0.5319478506504416
138,619,3,0.6821410429411874
145,317,3,0.4818148375155357
146,625,3,0.9404943221142898
160,317,3,0.7582337612441769
164,317,3,0.9732627301747622
164,347,3,0.4923437301019951
164,524,3,0.8994487881527325
168,193,3,0.9534344050608804
168,219,3,0.7446658495383959
168,220,3,0.4028958803041356
168,315,3,0.8389635098090764
168,317,3,0.5998719178097726
168,424,3,0.9152517390758628
168,461,3,0.3669681908730431
168,619,3,0.9425918774642176
168,657,3,0.6684834396448803
168,660,3,0.8512531498251203
168,672,3,0.863665673103853
168,680,3,0.8851086460606186
220,244,3,0.4623937617332276
220,261,3,0.6729715219051409
220,408,3,0.4610775484899746
220,431,3,0.5827027975687199
237,317,3,0.6299772610447819
317,333,3,0.9108734390160188
317,340,3,0.6652200309527679
317,347,3,0.5430460071846142
317,424,3,0.8374307308125146
317,461,3,0.6709306909427442
317,480,3,0.8271885703565779
317,517,3,0.54269071934883
317,594,3,0.4562616259401422
317,619,3,0.7892853633795077
317,625,3,0.6805401527522112
317,660,3,0.9051596553542016
330,378,3,0.539542484186961
330,686,3,0.9160307926956875
333,619,3,0.5946901509920747
347,349,3,0.6731999648157811
347,379,3,0.6157340592455753
347,412,3,0.2915616212382797
347,594,3,0.4537448662585766
347,660,3,0.3489384254940043
369,625,3,0.4124656761938965
378,395,3,0.461317697774369
379,524,3,0.7218998702618692
395,686,3,0.3991022325719341
431,659,3,0.3900366146768857
460,569,3,0.3349858177529375
461,619,3,0.5075652201855119
504,517,3,0.5335326619444353
508,524,3,0.9711603784022368
517,594,3,0.4538241541429904
517,625,3,0.6406658057287304
517,665,3,0.3568178359814136
524,672,3,0.9744990662415356
524,680,3,0.9784251725168344
557,686,3,0.8821627236656676
594,625,3,0.6446651759060228
619,694,3,0.8845304122738328
686,694,3,0.9782191133997252
5,443,4,0.7419259755113476
5,523,4,0.9336804811798828
5,676,4,0.929590926476178
20,147,4,0.4993855243067736
37,147,4,0.3402284384694923
47,52,4,0.5628787767307095
47,692,4,0.6489016695667397
52,106,4,0.6614700248060492
58,162,4,0.5777875276908222
66,220,4,0.4563961771294179
78,162,4,0.645139167886494
88,220,4,0.6445108017513229
88,327,4,0.6738234292276023
88,659,4,0.6502200408123038
110,692,4,0.6538219680523264
118,147,4,0.3797429894467633
135,147,4,0.9799331449284452
136,540,4,0.6446917869713369
137,220,4,0.5518462693563612
137,401,4,0.9303799705359188
137,452,4,0.9577247305103864
137,584,4,0.9762592736742358
147,398,4,0.6758003565794324
147,440,4,0.97959151439441
147,495,4,0.5179289069298972
147,533,4,0.5821065143740667
147,595,4,0.6535730981755206
147,642,4,0.6358268486646996
182,485,4,0.6402632735698769
182,540,4,0.7047716850362965
220,408,4,0.4614330151279945
241,668,4,0.6377860801699676
247,692,4,0.2705977773331427
259,692,4,0.3685035385071964
313,692,4,0.5549139662240112
333,619,4,0.6313384180368254
336,692,4,0.6674469897175727
338,540,4,0.8391011907789445
392,471,4,0.5886510551692659
477,540,4,0.889622856015833
485,540,4,0.9319165626753227
485,546,4,0.6250865318642396
485,559,4,0.7615688681034624
485,611,4,0.9740940578715266
485,669,4,0.9351247236911328
492,540,4,0.7670888600163811
512,692,4,0.6205245818853057
518,540,4,0.465699646652205
540,543,4,0.4062137841841602
540,546,4,0.5620280879795039
540,559,4,0.8039284428157522
540,569,4,0.9240780159340536
540,588,4,0.3538144637007333
540,611,4,0.9121927295655274
540,623,4,0.7013160515288471
540,669,4,0.8511895481167906
547,692,4,0.4623258062340137
619,694,4,0.508839671942549
5,214,5,0.3174006747868609
5,542,5,0.4685203757191518
5,676,5,0.6655535494841484
22,686,5,0.5136476466146246
43,207,5,0.489689686639307
47,106,5,0.4537415100232602
105,377,5,0.6338549294918459
137,216,5,0.5114038164652309
138,431,5,0.9764178349161904
138,594,5,0.5905283508880975
138,619,5,0.3973534718591025
138,678,5,0.4909694219130086
146,377,5,0.6643590502745382
186,524,5,0.966377497093752
195,431,5,0.5150919532857826
225,377,5,0.3926875058270455
324,377,5,0.454092501863398
330,686,5,0.6542341271212205
377,600,5,0.6728482940412458
377,622,5,0.5711813077065587
377,630,5,0.4553895019274835
377,646,5,0.6692788185607067
377,667,5,0.4618021941549867
395,686,5,0.6798353201546695
474,686,5,0.6333005466496054
499,524,5,0.3753015591582143
501,686,5,0.8098878964088222
508,524,5,0.8148406420813099
524,573,5,0.7480488944899016
557,686,5,0.4918664661558781
686,694,5,0.8456720898694068
5,30,6,0.6607782323055943
5,202,6,0.5348124982362219
5,271,6,0.9402026815046606
5,316,6,0.9780078728768477
5,676,6,0.9720944562466632
30,60,6,0.93862798279715
30,168,6,0.8580393856941961
30,372,6,0.6127822071095326
34,377,6,0.4197652151282309
38,168,6,0.8894178085863361
43,207,6,0.8172644584803387
56,168,6,0.506875443904075
60,271,6,0.7947768622149237
67,168,6,0.705292630885404
67,372,6,0.5191829650172275
94,234,6,0.6524060503556321
94,443,6,0.859733057368228
94,542,6,0.9768974788859436
112,165,6,0.6237548129807275
112,364,6,0.8748098094612039
112,377,6,0.4503090307481659
112,414,6,0.978741922859095
112,622,6,0.9266381015092838
137,164,6,0.9347418599931728
146,377,6,0.6721372182172808
147,169,6,0.6632663156085599
147,292,6,0.6650014709463401
147,425,6,0.5134670660096452
168,179,6,0.6321374179217246
168,204,6,0.6496087101220772
168,225,6,0.9652646303849428
168,271,6,0.8829432906745927
168,313,6,0.778108297085741
168,363,6,0.8103778139856246
168,372,6,0.6711790326789014
168,411,6,0.9710914052298396
168,425,6,0.9187844859909076
168,503,6,0.719250126561023
168,667,6,0.5983554841593667
168,680,6,0.8392715271010804
179,372,6,0.4205791919635942
204,372,6,0.4810264194259937
241,668,6,0.2850993763198384
271,372,6,0.5874163035654137
321,372,6,0.4608359328996225
340,372,6,0.4721316017817135
340,411,6,0.8196293972265212
363,372,6,0.5295673466944693
364,377,6,0.6275749923897534
372,411,6,0.657958921334928
377,600,6,0.6726363231607597
377,622,6,0.5887624518642179
20,147,7,0.4598924791447515
25,195,7,0.938404762831486
25,344,7,0.9017848090313276
25,355,7,0.921903063614198
25,480,7,0.9245067913062956
25,570,7,0.8925106538526199
25,583,7,0.8483679940528083
25,598,7,0.9399881746092192
25,632,7,0.9386867340421584
39,148,7,0.6375490814800476
43,207,7,0.8622959058091662
48,377,7,0.7223114706043163
52,467,7,0.6436336300525533
52,686,7,0.798833874605037
111,686,7,0.971933235034067
112,377,7,0.5138940530643835
112,414,7,0.9786742824394232
123,212,7,0.790224695632351
123,312,7,0.8589117602406422
123,355,7,0.9790237751454968
123,679,7,0.9702621618164746
137,164,7,0.9702615823740224
147,292,7,0.6727758802803897
150,377,7,0.8802258304877922
184,355,7,0.8945121326802277
195,431,7,0.979464680854906
307,377,7,0.7397110483181684
312,355,7,0.8358511850762915
344,355,7,0.9285800345825388
344,431,7,0.9404614085761436
355,538,7,0.6385368732979742
355,583,7,0.9300912329711004
355,679,7,0.9627071157990452
364,377,7,0.9638097206502184
377,557,7,0.7761086905057883
395,686,7,0.8339165768154952
431,583,7,0.8935358800923889
467,686,7,0.9528445129518524
469,681,7,0.9717623138593714
526,686,7,0.9411745907790298
557,686,7,0.5598366794216412
1,317,8,0.97576802669229
1,619,8,0.6943109382710443
10,131,8,0.9446741554193532
10,324,8,0.8998795219370012
10,422,8,0.889133430599232
10,427,8,0.9784949836741208
10,466,8,0.9775063916708489
10,520,8,0.9798459252287848
10,549,8,0.9158981976515446
13,649,8,0.9086396015224264
14,390,8,0.9588807227963512
23,60,8,0.7753006777751652
23,138,8,0.9770871153698938
23,168,8,0.6877883021473298
23,290,8,0.9536004867301302
23,317,8,0.7233469417886578
23,355,8,0.7712272045670223
23,413,8,0.8823448307145513
23,416,8,0.8598215834693258
23,585,8,0.965750578469392
23,625,8,0.6680665171132542
23,652,8,0.702060103959341
25,30,8,0.8177348490942705
25,31,8,0.906685514050816
25,33,8,0.8307709642156136
25,53,8,0.7095787986851945
25,60,8,0.8638241496706224
25,90,8,0.7646849695322856
25,97,8,0.5327880475297085
25,141,8,0.8141714557881423
25,160,8,0.9005490279038733
25,163,8,0.5021075930733353
25,168,8,0.9181668717819584
25,183,8,0.6972067817132154
25,189,8,0.8534070490695395
25,208,8,0.828723624371406
25,220,8,0.822605889395542
25,237,8,0.6923679895975474
25,273,8,0.9708976353838638
25,310,8,0.8816769655531654
25,317,8,0.8989884736975787
25,333,8,0.9183182950359368
25,340,8,0.9041847262579312
25,344,8,0.9800861689048784
25,390,8,0.9154519784351124
25,452,8,0.9022652404756114
25,480,8,0.8994631971454536
25,505,8,0.919321696967802
25,549,8,0.7853274212306867
25,570,8,0.9345929630816284
25,573,8,0.924937475063112
25,583,8,0.9772020308474708
25,591,8,0.8944624119040261
25,594,8,0.9261727452471464
25,598,8,0.9479362058867536
25,619,8,0.914299789613315
25,625,8,0.8770191168842638
25,632,8,0.975475317278972
25,651,8,0.790939981696467
29,540,8,0.8545523544230338
30,33,8,0.9798037385020224
30,60,8,0.9759723235045416
30,168,8,0.955074408310017
30,290,8,0.6831627865904398
30,317,8,0.9652720769145708
30,585,8,0.9045730019002672
30,625,8,0.9189762495480902
31,53,8,0.91316238128313
31,168,8,0.9795947657199546
31,625,8,0.9403119612095948
31,684,8,0.980098448492674
32,168,8,0.9778753524875664
32,317,8,0.9730885439484211
32,333,8,0.9779044207867564
33,97,8,0.8880816584648414
33,163,8,0.8721975263537739
33,168,8,0.96019620424936
33,218,8,0.7780262287817884
33,288,8,0.8618522226069252
33,317,8,0.9691559667898352
33,505,8,0.9595258183319753
33,549,8,0.9767987225642843
33,591,8,0.9707637796374208
36,377,8,0.8876817008783118
36,652,8,0.711357279585007
39,148,8,0.5386547383254553
39,595,8,0.5284284103713821
43,207,8,0.963632749176451
47,106,8,0.4017149029403213
47,377,8,0.8900678816844259
47,557,8,0.7906483733858152
48,377,8,0.6310258065739267
48,652,8,0.9287730243481388
51,290,8,0.7491919934758491
53,69,8,0.9197055582411378
53,88,8,0.7071249132449432
53,106,8,0.6575312262578686
53,115,8,0.9251780906722262
53,123,8,0.9740034487703112
53,138,8,0.8749159644609056
53,168,8,0.901262586235114
53,178,8,0.9285200281513668
53,204,8,0.8101225442533003
53,220,8,0.9631141453872584
53,244,8,0.8183359229203704
53,279,8,0.9787449866076436
53,290,8,0.7964410157850464
53,296,8,0.5535238372742343
53,317,8,0.920161931858505
53,413,8,0.9782578390490584
53,416,8,0.6170843452172718
53,431,8,0.6173951456492147
53,486,8,0.8164277665114644
53,549,8,0.9730686293662956
53,585,8,0.9569494277886098
53,593,8,0.9795329910388842
53,619,8,0.5098739645597067
53,625,8,0.8692610140309294
53,649,8,0.9561946593115076
53,652,8,0.9090231138215228
53,684,8,0.9137943634785494
60,97,8,0.8582261285309934
60,163,8,0.8401982850091698
60,208,8,0.9776205706238396
60,220,8,0.9767478241730724
60,271,8,0.7707862509137237
60,273,8,0.9190164792227112
60,288,8,0.8285576426571842
60,298,8,0.7166996169710098
60,299,8,0.9389964398842152
60,317,8,0.9767778439681124
60,505,8,0.9707770247822703
60,567,8,0.5436214265772974
60,583,8,0.8968512770728659
60,591,8,0.9776364958148872
60,594,8,0.9677702103306332
60,598,8,0.7178274638036047
60,651,8,0.970553458366542
60,679,8,0.5046961853732136
64,317,8,0.8430647263444249
69,92,8,0.9800811654910454
69,103,8,0.9691322703285398
69,115,8,0.979966139606472
69,220,8,0.9665558377309714
69,454,8,0.974968873273596
69,476,8,0.9731493216793384
69,535,8,0.5628224255853317
69,653,8,0.7380509253322353
73,138,8,0.8104148897579407
75,290,8,0.5234322872791517
77,383,8,0.9679499534450062
81,390,8,0.6660019950568838
81,442,8,0.726966314394069
83,290,8,0.9356333633924424
84,593,8,0.9752897089498566
88,183,8,0.6947067834041494
88,202,8,0.9230842768009352
88,220,8,0.8206702071378293
88,234,8,0.6878812444872774
88,350,8,0.6849185795222804
88,591,8,0.8930050698608927
88,651,8,0.788837998613385
88,658,8,0.7874533574204317
90,168,8,0.9308400554337226
90,317,8,0.9456052417337184
90,625,8,0.8967310540045181
92,115,8,0.9800477267594656
94,214,8,0.9466414292447356
94,443,8,0.9782376351885772
97,123,8,0.9726664087254072
97,138,8,0.953683141218686
97,168,8,0.7869126298663989
97,290,8,0.9074913260195218
97,317,8,0.8163777839853475
97,355,8,0.6691308525277198
97,413,8,0.9374312718768874
97,416,8,0.7773234789736453
97,549,8,0.9190920989772172
97,585,8,0.9799574496531346
97,625,8,0.7618540037675999
98,540,8,0.934610988179404
106,317,8,0.6670420754392747
106,652,8,0.6638337183543984
108,442,8,0.9799367303508328
112,308,8,0.5644855987084969
112,364,8,0.5522162837463085
112,377,8,0.5515002921534126
112,413,8,0.8380777444791914
112,414,8,0.9794124250605738
112,485,8,0.9155233623450204
112,652,8,0.955786861681118
113,168,8,0.9779199322209025
123,168,8,0.8527672311193552
123,208,8,0.933493647519908
123,220,8,0.9368907526254956
123,355,8,0.5760211978934838
123,478,8,0.8839245516987501
123,591,8,0.8818069921363911
123,597,8,0.8831738509332482
123,651,8,0.9517549482925576
126,413,8,0.5850077488666703
134,390,8,0.9736191839159776
134,442,8,0.9799335807963307
138,183,8,0.8827792951973986
138,208,8,0.7709124196886197
138,220,8,0.7778721687834517
138,271,8,0.9776350716025184
138,288,8,0.9654366768776044
138,298,8,0.9800049626823396
138,310,8,0.698983036615019
138,317,8,0.6693078954129746
138,390,8,0.6368242229296732
138,417,8,0.6029867204591182
138,457,8,0.847342051914817
138,505,8,0.6284258332673213
138,515,8,0.3443998274798773
138,549,8,0.8158228688574289
138,567,8,0.9505628762084144
138,591,8,0.6774566484144275
138,594,8,0.6126871131443822
138,597,8,0.6797236614074768
138,651,8,0.8105524394088313
141,168,8,0.953609587933394
141,290,8,0.687760226018623
141,317,8,0.9641366550996264
141,431,8,0.7377956231509856
141,585,8,0.9070295744980152
143,413,8,0.9584649046251827
150,377,8,0.9404347296875828
152,390,8,0.9776926882798488
152,442,8,0.9797550642115744
154,540,8,0.6361685133617859
154,649,8,0.3526631866619772
155,652,8,0.978169926389292
156,390,8,0.966908343665808
157,625,8,0.9387959023436752
160,168,8,0.9789579102645
160,317,8,0.980092096936913
161,482,8,0.9789858249350296
163,168,8,0.7648448392057823
163,317,8,0.7958354138893894
163,413,8,0.9262523490216814
163,416,8,0.7987965551208959
163,549,8,0.905922517939877
163,593,8,0.95254561337256
168,179,8,0.959396470719915
168,183,8,0.8941333325710534
168,189,8,0.9680912579720248
168,190,8,0.9459487140527012
168,192,8,0.9404374513058732
168,193,8,0.973399801453418
168,204,8,0.9617188365877718
168,208,8,0.9594175208206362
168,220,8,0.9570328279840152
168,229,8,0.9054320431019944
168,230,8,0.9616384385905145
168,237,8,0.8913017234599723
168,269,8,0.9398201310517657
168,271,8,0.6825371119488439
168,273,8,0.956421718638797
168,288,8,0.7507731951228543
168,290,8,0.5079236116545595
168,298,8,0.6204616846372562
168,302,8,0.976828936750465
168,310,8,0.9757184650793004
168,313,8,0.9717644868650828
168,315,8,0.9393351301359528
168,317,8,0.9787600615533776
168,344,8,0.9163323411902696
168,382,8,0.8528896784055783
168,390,8,0.980069911053576
168,391,8,0.8023775110794651
168,407,8,0.8401500925456268
168,414,8,0.966773614147892
168,424,8,0.9497097039064868
168,425,8,0.97954721325195
168,442,8,0.9762384180076056
168,478,8,0.9777870451534932
168,503,8,0.6821816319998407
168,505,8,0.980094390327406
168,515,8,0.6643425706348328
168,538,8,0.9746428303882126
168,540,8,0.4864044677795899
168,549,8,0.940845987125684
168,563,8,0.9635039757864086
168,564,8,0.693749330693969
168,573,8,0.9798980728624992
168,583,8,0.9417998997669228
168,591,8,0.9781097581242336
168,594,8,0.9798146558549314
168,597,8,0.9779046065688662
168,598,8,0.8009169087547233
168,613,8,0.8951546812855922
168,616,8,0.7833616474188345
168,619,8,0.7794039710652988
168,651,8,0.9434476751324924
168,652,8,0.9798910169455172
168,653,8,0.7699338049880352
168,684,8,0.9795372267270184
175,383,8,0.9754021882269124
179,317,8,0.9476101650496798
179,625,8,0.9182362421559442
180,625,8,0.929705227240628
182,485,8,0.938725707663299
183,290,8,0.8066644239317579
183,317,8,0.9138931033195592
183,355,8,0.4994980620410455
183,431,8,0.6034955103336863
186,317,8,0.9046694275052451
186,585,8,0.5587224831270832
187,377,8,0.6363981750518095
189,290,8,0.6325133340234154
192,317,8,0.95357871764908
192,413,8,0.9785054275524928
192,652,8,0.9459361252055376
193,317,8,0.9780493409373264
196,290,8,0.9331518021093956
196,317,8,0.6216843205639033
196,416,8,0.8689262607701134
196,585,8,0.9040518735274452
196,652,8,0.5990438871272606
197,687,8,0.980090014184741
204,377,8,0.5445306583306435
207,220,8,0.7541921099622602
207,591,8,0.8411020509413737
207,651,8,0.7173377087086972
208,317,8,0.9685752607086148
208,431,8,0.7550858546248345
208,549,8,0.9771066560476912
208,585,8,0.8965844221629438
208,625,8,0.9229136543297012
210,296,8,0.6996235268450884
213,540,8,0.6432427192173396
213,649,8,0.4915134490069092
220,244,8,0.904135639496824
220,290,8,0.6767548349297854
220,317,8,0.9667741290417476
220,390,8,0.9586598152218556
220,413,8,0.9724377114529412
220,431,8,0.7477962363321051
220,485,8,0.6933307262206254
220,549,8,0.9779278190057517
220,585,8,0.9011107045058468
220,593,8,0.9563779946812224
220,625,8,0.9207545188064796
220,652,8,0.9611938118722784
220,684,8,0.9636457409337288
233,576,8,0.8490648399498585
237,290,8,0.8105412672316755
237,317,8,0.911392011034528
242,652,8,0.9656414701779114
244,302,8,0.9469967055259344
244,304,8,0.9780854353086328
244,391,8,0.689402610523066
254,417,8,0.863597570917408
255,317,8,0.8188246515954865
257,290,8,0.8853710497509321
264,687,8,0.9797681518861072
269,585,8,0.6020725926546739
270,317,8,0.9795089940294748
271,290,8,0.9552698695965288
271,317,8,0.7183712951517074
271,355,8,0.7757374091066057
271,416,8,0.8633223308158305
271,585,8,0.964471412790548
271,593,8,0.9163770339937126
273,317,8,0.9439208035908316
273,585,8,0.6528131861991813
273,625,8,0.915222083563281
275,317,8,0.9694961834168124
280,619,8,0.6430799116124807
282,383,8,0.9266600107623568
284,619,8,0.7293800415727282
288,317,8,0.7826799678732307
288,416,8,0.8114494737889414
288,549,8,0.8972220606864278
288,585,8,0.977228889472022
290,310,8,0.5848235636721666
290,317,8,0.5510450106093905
290,387,8,0.9800705118951532
290,437,8,0.9742148102673368
290,452,8,0.5441552533855963
290,505,8,0.5050847126352536
290,508,8,0.503814017844483
290,564,8,0.9516247063648168
290,567,8,0.9760009279382162
290,573,8,0.4908047543528493
290,591,8,0.5602833351682411
290,649,8,0.6516270943318647
290,663,8,0.5693466419992346
296,390,8,0.8226766011311152
296,442,8,0.8702381198061768
296,591,8,0.7916256647616952
298,317,8,0.6592725303495864
298,416,8,0.899542414759927
298,549,8,0.8081798091476285
298,585,8,0.9462241195720646
298,625,8,0.6041676136972022
302,390,8,0.977425867985702
302,442,8,0.9658850167402024
302,540,8,0.5504912854268744
302,619,8,0.7338336395721108
308,413,8,0.8980986208138934
308,652,8,0.7278366860122321
310,317,8,0.9792234670017744
310,585,8,0.8471095546274233
310,593,8,0.9229243389436552
310,619,8,0.7262030339090648
310,625,8,0.937302815517231
310,652,8,0.9774219836028976
317,333,8,0.9787373271862304
317,340,8,0.9800104142272332
317,344,8,0.8969017265712877
317,362,8,0.9630887332330578
317,382,8,0.8264821684578934
317,407,8,0.8126184006863243
317,424,8,0.9610702856887994
317,453,8,0.9460541028661708
317,478,8,0.979967906772337
317,480,8,0.6699508169203873
317,505,8,0.978581122233376
317,538,8,0.9679114900014936
317,540,8,0.5278164860373076
317,549,8,0.9539137280121576
317,564,8,0.7289902450949266
317,570,8,0.974827501722748
317,573,8,0.9775184929298149
317,581,8,0.9765209067547072
317,583,8,0.9263302709410616
317,584,8,0.9791822425625982
317,585,8,0.8255084317187844
317,591,8,0.980035835178389
317,594,8,0.9772389414877972
317,597,8,0.979994848445102
317,598,8,0.7702924271967686
317,615,8,0.6516021836589052
317,619,8,0.7508234928896856
317,625,8,0.939740796946262
317,632,8,0.8568654071068986
317,637,8,0.7273700397357482
317,651,8,0.9560374147666234
324,377,8,0.7569504458128706
324,652,8,0.856311653912897
326,383,8,0.9799395553472036
331,619,8,0.8253475498938828
333,619,8,0.77963649189841
338,442,8,0.9759807238780684
344,431,8,0.9727209919639256
344,585,8,0.5424113819778261
344,593,8,0.6824466934186889
344,652,8,0.9089560183451586
349,585,8,0.7366148278653166
353,485,8,0.9411435915964232
355,363,8,0.6223618531087305
355,403,8,0.6034606849070825
355,567,8,0.923833033365566
355,660,8,0.899064029663177
361,383,8,0.95942652229514
363,416,8,0.57196234872052
364,377,8,0.980099617069136
364,485,8,0.8048869337932574
375,442,8,0.9800307919937264
377,512,8,0.9081206579295352
377,515,8,0.3561608822463976
377,557,8,0.9605106491348944
377,619,8,0.7858105137711916
377,653,8,0.8560848539668569
383,397,8,0.9800489031092684
383,609,8,0.9676313779291742
390,391,8,0.8067631279355391
390,442,8,0.975527388852436
390,450,8,0.9634468129696052
390,473,8,0.9576533825342496
390,522,8,0.9341898261735572
390,534,8,0.9750758918150862
390,535,8,0.5277186160500812
390,540,8,0.4926969446657088
390,619,8,0.7752555133585941
390,647,8,0.964079717358176
390,653,8,0.7651580786305828
390,677,8,0.7975449414065418
390,687,8,0.9342103884197092
391,442,8,0.749302718842146
391,540,8,0.8604616977213871
413,485,8,0.6014576222694739
413,567,8,0.7002124354481425
413,652,8,0.9297706162630914
414,625,8,0.9257717427291664
416,549,8,0.5216115486600069
416,567,8,0.9649466433118048
416,574,8,0.9190272860382002
416,613,8,0.6288695202089516
416,651,8,0.5135937823284908
416,672,8,0.9543715473014416
416,689,8,0.8349905923711683
417,457,8,0.9096123634314548
425,619,8,0.7966407002795864
429,442,8,0.9315482546117304
429,540,8,0.6552728774727906
431,457,8,0.661212880560212
431,505,8,0.8683838261373962
431,583,8,0.9595739935613096
437,585,8,0.9378319766731064
437,652,8,0.6125237885223562
442,522,8,0.9584345075657766
442,653,8,0.8206825147623801
442,677,8,0.7388605491322685
475,540,8,0.932278901317332
475,649,8,0.7417258232813969
485,546,8,0.8780427968755038
485,611,8,0.8264661706889466
490,625,8,0.9255513002066338
505,585,8,0.794827079264816
505,625,8,0.940387073925338
508,585,8,0.7939590169023701
535,540,8,0.9403610063771854
540,552,8,0.8320552113838918
540,559,8,0.852694243837219
540,611,8,0.4863366585932241
540,623,8,0.7745865284549381
540,677,8,0.8665612873113361
549,567,8,0.6588940409882915
549,625,8,0.9059575918196296
551,652,8,0.9653641025249886
561,649,8,0.9032424909187318
567,585,8,0.8620445806447814
567,593,8,0.7623150028661237
571,576,8,0.814597508380872
571,625,8,0.9401404760844564
573,585,8,0.7850132696295524
573,625,8,0.940006005808232
576,649,8,0.8838474259256487
583,585,8,0.6076305957450356
583,625,8,0.9005274936308689
585,591,8,0.8314997992987446
585,597,8,0.8331587917357799
585,639,8,0.8152914729856247
585,651,8,0.921593161451
591,593,8,0.9123096096740764
591,625,8,0.9392469527807822
593,625,8,0.8565462789125196
594,625,8,0.9398823264054784
594,652,8,0.979117401568595
619,651,8,0.6076547313025562
625,651,8,0.908348478477603
625,683,8,0.595773095427044
5,163,9,0.3561801569144378
5,271,9,0.389727774296251
5,567,9,0.5505171853965032
6,104,9,0.9726247291620432
6,628,9,0.9522938833542725
23,138,9,0.76992560031578
23,290,9,0.7197109171883855
23,410,9,0.5881315945344743
23,413,9,0.9628150970895568
29,540,9,0.9339513310168917
42,66,9,0.4552799441090396
42,104,9,0.9054830471290488
42,290,9,0.5236111968986411
42,370,9,0.7716460119973276
42,628,9,0.7137207848344691
45,377,9,0.7402155221627102
48,377,9,0.5660467011610839
53,115,9,0.3371165074295359
53,138,9,0.525378358631144
53,279,9,0.3364075113518887
53,290,9,0.4900926749740317
53,410,9,0.3989633664873487
53,413,9,0.6624651651229626
66,372,9,0.3743036830272795
66,461,9,0.427481550383795
79,272,9,0.6610367280761481
79,467,9,0.9755592306533648
79,681,9,0.8219272913960856
91,139,9,0.5221724080851027
97,123,9,0.9212038668405064
97,355,9,0.492525470209112
97,549,9,0.9370069440618822
98,540,9,0.9219776403965186
104,130,9,0.6428399297484741
104,151,9,0.6698765750730743
104,212,9,0.9734492210820436
104,263,9,0.6731384304134369
104,278,9,0.8254374284892052
104,363,9,0.5928957269879687
104,372,9,0.8376663033771664
104,394,9,0.9638141217341428
104,403,9,0.8297808720428961
104,406,9,0.9744193128354736
104,420,9,0.9800972795076428
104,456,9,0.6622915090174907
104,461,9,0.8836170604522423
104,487,9,0.9693116806445
104,532,9,0.909543036727528
104,587,9,0.8287777243314597
104,628,9,0.9164559972052754
104,660,9,0.8214477564226299
107,681,9,0.9687415474871096
112,377,9,0.9219338008159788
112,414,9,0.9688242420072724
123,651,9,0.6698426466026062
126,272,9,0.6310499823069865
133,138,9,0.8853314512700462
138,372,9,0.5173004438914341
139,222,9,0.601460441792811
140,377,9,0.5796256395326593
151,628,9,0.6500601930466843
163,549,9,0.9525089265177616
177,461,9,0.893745162388333
177,532,9,0.9182194984590106
181,290,9,0.770238240013089
197,687,9,0.9204254180815614
212,628,9,0.950642514656704
225,272,9,0.5719707977756691
252,372,9,0.6680848474002047
257,290,9,0.7129775479778248
259,272,9,0.4511609572397356
271,355,9,0.7886484045205149
272,274,9,0.5891831024227461
272,285,9,0.4620009968311881
272,365,9,0.5860482280622171
272,419,9,0.5424474343636695
272,467,9,0.6457256771191849
272,586,9,0.657519889024214
272,644,9,0.57129540764733
272,671,9,0.607224056927565
272,690,9,0.658963440924323
272,693,9,0.6271769709056413
272,694,9,0.5692784440202238
272,695,9,0.4306271046650898
288,549,9,0.942580460833
290,372,9,0.6438688288981887
290,386,9,0.5666115564259018
290,587,9,0.6565010199723089
298,549,9,0.9197766682376692
308,413,9,0.9558514805115568
338,540,9,0.7764815537936826
354,540,9,0.800837969226384
355,363,9,0.876418113668929
355,403,9,0.6657287626533374
355,549,9,0.5832523124493244
355,567,9,0.9375958125108612
355,628,9,0.5105415396309227
355,660,9,0.6769952666108356
363,628,9,0.8310417164537529
366,370,9,0.8412730702084202
370,456,9,0.6703923655336208
370,487,9,0.8948634551252092
372,411,9,0.4913963234273857
372,455,9,0.8807375488598689
372,461,9,0.9753556091959636
372,494,9,0.948161434599673
372,604,9,0.5492784263099764
372,666,9,0.6690105613780017
373,627,9,0.9726576194384524
373,633,9,0.9797580917430176
377,540,9,0.6853046688063904
416,587,9,0.9673993825426228
420,628,9,0.9156348663870476
438,540,9,0.4239213297701461
456,628,9,0.662070044583741
461,633,9,0.9129168845298594
467,693,9,0.812100887196482
475,540,9,0.8760671834735475
496,628,9,0.9480559083324126
549,567,9,0.7874017580277636
607,628,9,0.654491151379587
610,628,9,0.8462750244139143
617,628,9,0.7280722191743261
627,633,9,0.9755023350746188
628,660,9,0.9576182390343188
628,671,9,0.8409454246073491
633,661,9,0.8299941240421786
644,681,9,0.9587662779435994
681,690,9,0.5520573924822217
681,693,9,0.5014615631766588
681,694,9,0.959897744260314
3,593,10,0.7627931737057382
6,104,10,0.6187026891875913
7,357,10,0.9404812519830646
7,686,10,0.7691187990615119
11,347,10,0.6462415067920682
16,272,10,0.5289252354685846
16,652,10,0.3830344267877025
22,52,10,0.936187593500987
22,686,10,0.8399294784367267
23,25,10,0.7502651123229188
23,60,10,0.9437194415273952
23,117,10,0.6525787324939757
23,129,10,0.45637713789543
23,138,10,0.976888615128384
23,290,10,0.9799050484909824
23,295,10,0.8512276999870851
23,317,10,0.5104358357886003
23,347,10,0.6726420284100721
23,372,10,0.8302154602008635
23,410,10,0.9177864016527296
23,413,10,0.9800433510166816
23,416,10,0.8298413754398303
23,431,10,0.8996311719011698
23,575,10,0.6725920678332238
23,585,10,0.9780550319601146
23,652,10,0.6222168446954466
25,30,10,0.6790410118532849
25,53,10,0.6892119215252214
25,60,10,0.5521908658381413
25,67,10,0.7043806811253218
25,72,10,0.978998461132776
25,90,10,0.7983128783184258
25,117,10,0.9353227047697802
25,129,10,0.6677882064696414
25,138,10,0.798815799679761
25,208,10,0.902621891794804
25,240,10,0.6483143623601826
25,290,10,0.7626934939980775
25,295,10,0.9089497229855036
25,317,10,0.9290961494129928
25,347,10,0.5325388097212719
25,505,10,0.7246875980928345
25,566,10,0.5285710415969136
25,570,10,0.8458327524692321
25,573,10,0.8628812300354269
25,575,10,0.9735702005965567
25,583,10,0.8722960055125092
25,632,10,0.4701814777517583
25,648,10,0.93327554511768
25,693,10,0.9167988857018794
27,686,10,0.8935941614070237
30,60,10,0.9664801362487804
30,117,10,0.5769548906276232
30,129,10,0.4012326164536502
30,290,10,0.972286142972542
30,295,10,0.8039347603399811
30,347,10,0.6659267547939854
30,372,10,0.8808449795983261
30,416,10,0.8805362854070339
30,575,10,0.5930704485144632
30,585,10,0.9658017087321736
36,652,10,0.6709646361006607
38,117,10,0.616499412802837
38,129,10,0.4300406903316062
42,60,10,0.8645784313089405
42,104,10,0.7967953773237197
42,290,10,0.6942196838400769
42,347,10,0.4668647701530095
45,104,10,0.5980151148675753
48,462,10,0.9349035140370088
48,652,10,0.3451970972814979
50,295,10,0.8225908213606251
52,53,10,0.8801968873469589
52,258,10,0.8558505803700825
52,279,10,0.9419136042165476
52,474,10,0.9491658026864896
52,686,10,0.6528041791601767
52,690,10,0.764528902049328
52,693,10,0.7516188548596737
53,115,10,0.9649520023684456
53,117,10,0.5876580530794174
53,129,10,0.4090243194638744
53,138,10,0.9654878397309952
53,261,10,0.8266512128016025
53,272,10,0.8251338546424543
53,279,10,0.9650662702321996
53,290,10,0.9739739948319056
53,347,10,0.6672870390479674
53,410,10,0.882345669495866
53,413,10,0.9768732253680028
53,416,10,0.8742063556790454
53,431,10,0.8601341672668237
53,461,10,0.8223365388948368
53,467,10,0.7090421825124456
53,575,10,0.6043161870641919
53,585,10,0.968117578230554
53,648,10,0.5735623889312484
53,652,10,0.5960008537176195
60,295,10,0.7116762668133161
60,298,10,0.5910866945773133
60,505,10,0.9035651442358338
60,532,10,0.8618845163721544
60,583,10,0.8606526680144065
67,117,10,0.6036758855409289
67,129,10,0.4206925465749812
67,295,10,0.82121133525209
67,347,10,0.6690847447668878
67,372,10,0.864574106678021
72,117,10,0.9296005434980356
72,585,10,0.8160614692954615
79,686,10,0.8988602977967941
83,290,10,0.7317495008340249
86,117,10,0.5460898716592213
90,117,10,0.8118365928004022
90,317,10,0.915080794472614
90,410,10,0.5864467079200237
104,123,10,0.9685605560105623
104,164,10,0.500470739515887
104,212,10,0.9457978950281256
104,255,10,0.9619646915645458
104,271,10,0.6618611212760483
104,298,10,0.9627295417923304
104,325,10,0.7581218292446917
104,344,10,0.4806027057337007
104,372,10,0.6650871535553113
104,394,10,0.9479031483095844
104,403,10,0.8739508045069898
104,406,10,0.558655911003674
104,420,10,0.5436917914280318
104,446,10,0.6459078615245294
104,461,10,0.7380803800378644
104,532,10,0.8000944530998993
104,564,10,0.4983331644471334
104,587,10,0.776660041111425
104,613,10,0.6016783592799854
104,657,10,0.3416194847878507
104,660,10,0.7988886238639807
111,652,10,0.6650484938570904
111,686,10,0.5544586185108836
113,117,10,0.9134018689871624
113,566,10,0.4673319580389661
114,295,10,0.5734066379164631
115,159,10,0.5768720636555295
115,295,10,0.7149586495733726
115,554,10,0.6048532017315023
117,129,10,0.6458449749194355
117,130,10,0.9389543358216654
117,204,10,0.5670462686152133
117,208,10,0.8997868022720006
117,209,10,0.8575219516206243
117,224,10,0.8535545745669532
117,229,10,0.5996642392050374
117,234,10,0.5234624804269477
117,240,10,0.6369294015950908
117,261,10,0.8901405866552694
117,270,10,0.9234408358938038
117,279,10,0.7067635846986857
117,281,10,0.742929848748211
117,290,10,0.6659564910954302
117,295,10,0.8431345804520505
117,317,10,0.9180254837560848
117,349,10,0.8924069780109329
117,356,10,0.819308623791174
117,362,10,0.9390247748447462
117,376,10,0.7656823259133281
117,379,10,0.5282905061617218
117,388,10,0.636339344707326
117,391,10,0.5052645094774496
117,393,10,0.8905758062403769
117,396,10,0.9392680269250584
117,409,10,0.5530349608962655
117,423,10,0.8636478558913047
117,424,10,0.5477998227091917
117,431,10,0.8677492484746404
117,482,10,0.742629121006834
117,505,10,0.6313028669809084
117,530,10,0.9400680615887465
117,566,10,0.5463419436139053
117,573,10,0.7858405157064736
117,575,10,0.9404479382464134
117,583,10,0.7875113169801722
117,585,10,0.6949443575509388
117,597,10,0.6387402279206834
117,632,10,0.4002565098514233
117,637,10,0.8477656666697126
117,639,10,0.9310104466927364
117,648,10,0.9023362118886404
117,658,10,0.7276659313096872
117,678,10,0.72162393526689
117,679,10,0.8724602939988617
117,680,10,0.5699662875261542
123,212,10,0.8953374569949698
123,660,10,0.876352644342145
126,272,10,0.6554392686523381
126,413,10,0.9100475999894068
126,652,10,0.4772540101189037
129,138,10,0.4949113012653756
129,208,10,0.6481954576928202
129,234,10,0.3623468890986545
129,240,10,0.4574894785158413
129,261,10,0.6322393307393728
129,270,10,0.663626715530604
129,290,10,0.4661566972052997
129,295,10,0.5983142267167283
129,317,10,0.6601599934971011
129,347,10,0.3270483891130626
129,382,10,0.565271366413992
129,391,10,0.3491376723330376
129,410,10,0.6010079523265783
129,431,10,0.6152894125389464
129,505,10,0.4416583597919752
129,566,10,0.3963772130710458
129,573,10,0.5554023480154185
129,575,10,0.6731563608764854
129,583,10,0.555494682972411
129,585,10,0.4873775627376493
129,597,10,0.446269166265008
129,648,10,0.6459973647325704
129,652,10,0.4194963871533281
129,678,10,0.5258646544763935
129,682,10,0.5034570667755076
133,138,10,0.8935845709411775
138,185,10,0.6360094380312301
138,208,10,0.5143743098885576
138,240,10,0.4233243253895425
138,254,10,0.975865441692948
138,281,10,0.97816293544759
138,295,10,0.8807878332823403
138,314,10,0.657557167095381
138,317,10,0.5764393754500627
138,372,10,0.7853618841133746
138,417,10,0.958086718077321
138,431,10,0.9281414894828274
138,461,10,0.7183392562490797
138,482,10,0.9781949078739284
138,505,10,0.9379875672910696
138,575,10,0.728050840276638
138,583,10,0.9698753669030248
138,597,10,0.9750843776038352
138,648,10,0.6932384611340441
158,295,10,0.8867176918901202
164,290,10,0.9136438119645394
164,347,10,0.6223569084036559
164,416,10,0.9584370416886144
165,413,10,0.758085274761049
187,272,10,0.905943260358816
201,627,10,0.6593633197686776
208,295,10,0.7429646152918113
208,317,10,0.9772514655406817
208,410,10,0.7232705052562786
208,431,10,0.7551358730334998
208,566,10,0.6492484412551658
208,575,10,0.94062196768682
208,585,10,0.5006539800655792
209,416,10,0.5766251585583451
211,295,10,0.5830328047036957
226,290,10,0.6481643455253373
229,566,10,0.4547788580731699
235,295,10,0.8858606938717083
236,290,10,0.9790147495599828
240,261,10,0.5919146222834574
240,290,10,0.3906112299469047
240,295,10,0.5565546392972509
240,317,10,0.6723151087242886
240,347,10,0.2760628064519641
240,357,10,0.4036384709305587
240,431,10,0.5690513557812527
240,566,10,0.4267777812966921
240,575,10,0.6648935630936339
240,652,10,0.3867686409337081
242,652,10,0.5073273033996614
246,686,10,0.8885379555091523
252,372,10,0.5206842424925067
254,417,10,0.9731275277518416
257,290,10,0.9039101922754388
261,295,10,0.9398905607207384
261,317,10,0.8366953175849388
261,505,10,0.8396385394288487
261,566,10,0.4228884851296092
261,648,10,0.8841946890854548
262,566,10,0.4217695434728909
269,347,10,0.4359140284621886
269,585,10,0.6290934143410499
270,317,10,0.979707568147458
270,575,10,0.964224504997196
271,372,10,0.3587604252745325
271,416,10,0.359169184990311
272,274,10,0.7168852730235196
272,285,10,0.7286118714400357
272,308,10,0.9192180862242566
272,556,10,0.829049481765791
272,566,10,0.3714336051739151
272,586,10,0.8496777668042634
272,652,10,0.6459076204164866
272,690,10,0.7594120250023411
272,693,10,0.7477174984453315
276,686,10,0.8085833794511427
281,317,10,0.6251111207076602
281,417,10,0.9691732403083836
281,431,10,0.94609421657834
285,569,10,0.9356879720412882
285,652,10,0.5279047666591616
287,410,10,0.7751285023456311
290,295,10,0.8590349467791001
290,317,10,0.527021618765989
290,344,10,0.5441582978945096
290,372,10,0.8196612430244561
290,382,10,0.9538839180545436
290,426,10,0.789733885488861
290,505,10,0.9404313517891406
290,564,10,0.8688426876700142
290,573,10,0.906448213898476
290,583,10,0.95945792275334
290,587,10,0.7176432820356087
290,648,10,0.6531838131532943
290,680,10,0.9710854623874926
291,686,10,0.7041646748688991
295,317,10,0.7847391284102836
295,347,10,0.5953792430641327
295,362,10,0.8584744697456336
295,372,10,0.5084923041356426
295,410,10,0.9374376415799626
295,416,10,0.5079243084030161
295,431,10,0.9400428331051026
295,482,10,0.8996274628275365
295,505,10,0.8198271793464695
295,566,10,0.3874473112005631
295,575,10,0.8750565961186966
295,583,10,0.9191096546985452
295,585,10,0.8752736760574539
295,597,10,0.8429603139933167
295,648,10,0.8368488012688389
295,652,10,0.6452700043895699
295,655,10,0.6576600088678856
296,566,10,0.611945211886313
298,416,10,0.7886525085768482
298,627,10,0.6020622379757264
298,633,10,0.916439144517089
308,413,10,0.7905092921602849
308,652,10,0.6554643788661506
312,566,10,0.4098117677289167
317,347,10,0.3737054309991223
317,362,10,0.96710295427615
317,382,10,0.7027703418409691
317,482,10,0.6247175373734449
317,505,10,0.4961103286413918
317,530,10,0.962693948776264
317,566,10,0.6338023792844356
317,570,10,0.95946240027859
317,573,10,0.6988576978633969
317,575,10,0.9588671698456686
317,581,10,0.5545585303303286
317,583,10,0.684623243905216
317,584,10,0.979536043486088
317,585,10,0.5633916569349917
317,597,10,0.4934002367957344
317,637,10,0.7922582669888203
317,648,10,0.9217523971555756
317,678,10,0.8706260157250254
334,593,10,0.5483046167068575
344,347,10,0.3680302767196725
344,372,10,0.6723847067395239
344,410,10,0.3816290030463378
344,416,10,0.6724083062546043
344,431,10,0.3536987627390916
344,585,10,0.5259190859329144
344,652,10,0.2493497408086994
347,349,10,0.6084865306645818
347,372,10,0.5552121066607048
347,382,10,0.6582639976202305
347,505,10,0.6456513910741907
347,509,10,0.6346778606329955
347,541,10,0.6709045754449701
347,564,10,0.5915151853755706
347,573,10,0.6260543243461093
347,583,10,0.6617340012947486
347,585,10,0.6730078600283315
347,587,10,0.4832973079058025
347,597,10,0.6719497682638018
347,632,10,0.4579186862671636
347,648,10,0.4582083982705189
347,680,10,0.6649722592183049
347,683,10,0.460396014405397
348,461,10,0.6025106377426686
349,585,10,0.8956489054047176
357,566,10,0.5666713225791217
357,648,10,0.4532719853628522
357,690,10,0.636072694099854
357,693,10,0.6503328986474294
360,686,10,0.9777131352983724
368,575,10,0.8500582793160094
368,686,10,0.6000354661007219
372,391,10,0.9170469198829142
372,431,10,0.5553495101032898
372,461,10,0.9745086300591062
372,482,10,0.7472942450485605
372,494,10,0.9008169411074624
372,505,10,0.7927162742914703
372,573,10,0.6205703163757766
372,583,10,0.6926948756851761
372,597,10,0.8405863034701715
372,640,10,0.6237211728555306
372,666,10,0.6590928451238969
373,627,10,0.6484209102885236
373,633,10,0.9658552834329468
382,416,10,0.6737728340229893
388,410,10,0.909375633863507
391,461,10,0.8749241051233365
410,505,10,0.8832717818679299
410,566,10,0.3590111723542543
410,648,10,0.8408503296249138
413,648,10,0.6321070845642243
413,652,10,0.6194178376285332
416,505,10,0.7923528199429185
416,573,10,0.6200629268772475
416,587,10,0.9662650815984956
416,613,10,0.6302599627135749
416,680,10,0.8845327050348484
416,689,10,0.9492648273568346
428,627,10,0.4147390014352543
428,633,10,0.6789013380191858
430,686,10,0.6726864347401271
431,505,10,0.8661903802810381
431,566,10,0.3867707598621055
431,583,10,0.9638230785184622
439,686,10,0.8460723643174495
447,461,10,0.9616484516817616
461,633,10,0.6154073687529605
461,677,10,0.9693077005080752
474,686,10,0.8144200217564478
497,686,10,0.9549394553942072
505,575,10,0.650775856713904
505,585,10,0.9389861249560628
556,569,10,0.9793842826524808
556,652,10,0.598715655453986
566,575,10,0.5730939973380987
566,593,10,0.5079627305906232
566,648,10,0.5528098294575015
566,652,10,0.2594324067964447
566,682,10,0.661711003543176
566,686,10,0.6644487959715122
573,575,10,0.8140169978401072
573,585,10,0.9167414853834304
575,583,10,0.814986539531426
575,648,10,0.94046578464287
575,693,10,0.950623913173438
583,585,10,0.9674350009291456
585,597,10,0.9765742408326032
585,637,10,0.8701316792361101
585,639,10,0.8104740497785611
585,648,10,0.6827455007335155
627,633,10,0.6697378747436631
636,686,10,0.8561457758907451
648,652,10,0.5868349516026444
648,682,10,0.7015728789159529
648,686,10,0.8725711166487486
652,680,10,0.5883607662891492
652,693,10,0.5282261292018978
686,690,10,0.9666536338810724
686,693,10,0.9698072575414044
3,517,11,0.6732
3,593,11,0.9801
4,633,11,0.9405
6,104,11,0.646
7,357,11,0.9801
22,686,11,0.9801
23,25,11,0.646
23,104,11,0.9025
23,317,11,0.646
23,410,11,0.9405
23,416,11,0.9405
23,575,11,0.646
25,72,11,0.4624000000000001
25,90,11,0.646
25,104,11,0.646
25,208,11,0.6732
25,317,11,0.4624000000000001
25,570,11,0.6732
25,575,11,0.4624000000000001
25,648,11,0.4624000000000001
25,693,11,0.6732
27,686,11,0.9801
32,566,11,0.6732
33,218,11,0.6732
33,566,11,0.4624000000000001
55,112,11,0.9801
62,628,11,0.9405
72,104,11,0.646
80,317,11,0.646
84,593,11,0.9801
84,628,11,0.9405
90,104,11,0.9025
90,317,11,0.646
90,410,11,0.9405
91,139,11,0.9405
104,123,11,0.9405
104,130,11,0.9405
104,144,11,0.9405
104,208,11,0.9405
104,223,11,0.9405
104,229,11,0.646
104,255,11,0.9405
104,278,11,0.9405
104,317,11,0.646
104,393,11,0.9405
104,394,11,0.9405
104,403,11,0.646
104,423,11,0.9405
104,648,11,0.646
104,679,11,0.9405
112,364,11,0.9801
112,485,11,0.9801
119,566,11,0.6732
123,208,11,0.9801
123,648,11,0.6732
123,679,11,0.9801
139,222,11,0.9801
176,662,11,0.9025
177,566,11,0.6732
182,485,11,0.9801
189,628,11,0.9405
192,628,11,0.9405
195,566,11,0.6732
195,662,11,0.9405
203,628,11,0.9405
204,628,11,0.9405
208,317,11,0.6732
208,410,11,0.9801
208,416,11,0.9801
208,575,11,0.6732
218,628,11,0.9405
220,286,11,0.9025
220,357,11,0.9405
220,485,11,0.9405
220,517,11,0.646
220,566,11,0.646
220,593,11,0.9405
220,628,11,0.9025
220,662,11,0.9025
220,682,11,0.9405
255,317,11,0.6732
260,485,11,0.9801
261,317,11,0.4624000000000001
261,648,11,0.4624000000000001
264,687,11,0.9801
270,317,11,0.4624000000000001
270,575,11,0.4624000000000001
272,285,11,0.4624000000000001
272,308,11,0.6732
272,419,11,0.6732
272,467,11,0.4624000000000001
272,586,11,0.6732
272,644,11,0.6732
272,690,11,0.6732
272,693,11,0.6732
273,517,11,0.4624000000000001
273,566,11,0.4624000000000001
273,628,11,0.646
273,662,11,0.646
276,686,11,0.6732
279,686,11,0.6732
286,566,11,0.646
286,662,11,0.9025
287,410,11,0.9801
296,566,11,0.6732
296,567,11,0.9801
296,662,11,0.9405
310,517,11,0.6732
310,566,11,0.6732
310,593,11,0.9801
310,628,11,0.9405
310,662,11,0.9405
317,358,11,0.4624000000000001
317,362,11,0.6732
317,530,11,0.6732
317,570,11,0.6732
317,575,11,0.4624000000000001
317,584,11,0.6732
317,648,11,0.4624000000000001
318,561,11,0.9801
337,566,11,0.6732
340,411,11,0.9801
357,566,11,0.6732
357,662,11,0.9405
357,671,11,0.9801
358,575,11,0.4624000000000001
360,686,11,0.9801
364,485,11,0.9801
373,633,11,0.9405
380,566,11,0.6732
393,416,11,0.9801
401,566,11,0.6732
401,628,11,0.9405
410,648,11,0.6732
411,566,11,0.6732
411,567,11,0.9801
416,574,11,0.6732
416,584,11,0.9801
416,648,11,0.6732
419,686,11,0.9801
420,628,11,0.9405
420,682,11,0.9801
430,686,11,0.6732
437,628,11,0.646
437,662,11,0.646
438,485,11,0.6732
439,686,11,0.9801
443,662,11,0.9405
448,662,11,0.9405
465,566,11,0.646
467,686,11,0.6732
467,693,11,0.6732
478,566,11,0.6732
478,628,11,0.9405
485,566,11,0.6732
485,638,11,0.6732
497,686,11,0.9801
513,628,11,0.9405
517,566,11,0.4624000000000001
517,567,11,0.6732
517,593,11,0.6732
517,662,11,0.646
537,662,11,0.9405
566,567,11,0.6732
566,593,11,0.6732
566,616,11,0.6732
566,628,11,0.646
566,660,11,0.6732
566,662,11,0.646
566,682,11,0.6732
566,687,11,0.6732
567,593,11,0.9801
567,628,11,0.9405
567,662,11,0.9405
575,648,11,0.4624000000000001
575,693,11,0.6732
593,660,11,0.9801
616,628,11,0.9405
621,628,11,0.646
628,660,11,0.9405
628,662,11,0.9025
628,671,11,0.9405
628,678,11,0.9405
636,686,11,0.9801
644,686,11,0.9801
648,686,11,0.6732
686,690,11,0.9801
686,693,11,0.9801
6,357,12,0.646
6,377,12,0.6732
17,138,12,0.6732
17,524,12,0.6732
17,662,12,0.4624000000000001
25,53,12,0.9801
25,67,12,0.9801
25,90,12,0.9801
25,138,12,0.9801
25,150,12,0.9801
25,183,12,0.9801
25,271,12,0.9801
25,340,12,0.9801
25,347,12,0.9801
25,372,12,0.9801
25,411,12,0.9801
25,452,12,0.9801
25,487,12,0.9405
25,524,12,0.9801
25,564,12,0.9405
25,565,12,0.6732
25,567,12,0.9801
25,583,12,0.6732
25,606,12,0.6732
25,660,12,0.6732
25,662,12,0.6732
34,357,12,0.646
34,377,12,0.6732
36,377,12,0.9801
39,53,12,0.9801
39,126,12,0.6732
39,148,12,0.6732
39,204,12,0.9801
39,313,12,0.9801
39,547,12,0.9801
39,567,12,0.9801
39,612,12,0.9801
45,377,12,0.9801
53,79,12,0.9801
53,123,12,0.9801
53,137,12,0.9801
53,138,12,0.9801
53,204,12,0.9801
53,261,12,0.9801
53,296,12,0.9801
53,347,12,0.9801
53,357,12,0.9405
53,377,12,0.9801
53,416,12,0.9801
53,524,12,0.9801
53,557,12,0.9801
53,644,12,0.9801
53,662,12,0.6732
53,671,12,0.9801
53,681,12,0.9801
53,690,12,0.9405
56,517,12,0.646
59,138,12,0.9405
59,417,12,0.9405
67,347,12,0.9801
67,372,12,0.9801
67,662,12,0.6732
74,681,12,0.9801
78,138,12,0.9801
78,417,12,0.9801
79,377,12,0.9801
79,681,12,0.9801
82,147,12,0.6732
85,347,12,0.9405
85,416,12,0.9405
90,347,12,0.9801
90,662,12,0.6732
91,139,12,0.9405
93,262,12,0.9405
102,378,12,0.9405
114,662,12,0.4624000000000001
121,220,12,0.4624000000000001
121,659,12,0.646
122,378,12,0.9405
123,212,12,0.9801
123,312,12,0.9801
123,565,12,0.6732
123,660,12,0.6732
126,357,12,0.646
126,377,12,0.6732
127,627,12,0.9801
137,164,12,0.9801
137,216,12,0.9801
137,452,12,0.9801
137,487,12,0.9405
137,564,12,0.9405
137,565,12,0.6732
137,672,12,0.9801
138,183,12,0.9801
138,254,12,0.9801
138,271,12,0.9801
138,314,12,0.6732
138,372,12,0.9801
138,417,12,0.9801
138,457,12,0.9801
138,565,12,0.6732
138,567,12,0.9801
138,583,12,0.6732
147,148,12,0.6732
147,250,12,0.9405
147,314,12,0.6732
147,398,12,0.9405
147,399,12,0.9405
147,458,12,0.6732
147,506,12,0.6732
147,565,12,0.6732
150,372,12,0.9801
150,377,12,0.9801
155,377,12,0.6732
158,372,12,0.6732
164,347,12,0.9801
164,416,12,0.9801
164,524,12,0.9801
177,532,12,0.9801
183,347,12,0.9801
183,372,12,0.9801
183,662,12,0.6732
204,372,12,0.9801
204,377,12,0.9801
214,662,12,0.6732
216,347,12,0.9801
216,416,12,0.9801
216,524,12,0.9801
220,517,12,0.646
220,575,12,0.6732
221,377,12,0.6732
234,524,12,0.9801
234,662,12,0.6732
240,517,12,0.646
240,575,12,0.6732
250,662,12,0.646
252,372,12,0.6732
254,417,12,0.9801
261,271,12,0.9801
271,347,12,0.9801
271,372,12,0.9801
271,416,12,0.9801
271,662,12,0.6732
285,377,12,0.9405
296,535,12,0.9801
296,567,12,0.9801
296,662,12,0.6732
307,377,12,0.9801
308,377,12,0.9801
313,377,12,0.9801
329,378,12,0.9025
329,681,12,0.9405
330,378,12,0.9405
336,377,12,0.6732
337,372,12,0.9801
340,372,12,0.9801
340,411,12,0.9801
347,349,12,0.9801
347,372,12,0.9801
347,452,12,0.9801
347,487,12,0.9405
347,541,12,0.9801
347,564,12,0.9405
347,565,12,0.6732
347,567,12,0.9801
347,583,12,0.6732
347,599,12,0.9801
347,660,12,0.6732
347,662,12,0.6732
347,672,12,0.9801
349,524,12,0.9801
357,494,12,0.9025
357,529,12,0.9405
357,535,12,0.9405
357,614,12,0.9405
357,617,12,0.9405
357,644,12,0.9405
357,653,12,0.9405
357,662,12,0.646
357,671,12,0.9405
357,688,12,0.9405
357,690,12,0.9025
360,378,12,0.9405
364,377,12,0.9405
365,377,12,0.9801
372,411,12,0.9801
372,494,12,0.9405
372,567,12,0.9801
372,583,12,0.6732
372,660,12,0.6732
372,662,12,0.6732
372,666,12,0.6732
377,498,12,0.9405
377,535,12,0.9801
377,547,12,0.9801
377,557,12,0.9801
377,580,12,0.9801
377,586,12,0.9801
377,612,12,0.9801
377,614,12,0.9801
377,644,12,0.9801
377,646,12,0.9801
377,653,12,0.9801
377,671,12,0.9801
377,690,12,0.9405
378,521,12,0.646
378,558,12,0.9405
411,567,12,0.9801
416,452,12,0.9801
416,565,12,0.6732
416,567,12,0.9801
416,662,12,0.6732
416,672,12,0.9801
416,689,12,0.9801
417,457,12,0.9801
452,524,12,0.9801
468,662,12,0.4624000000000001
487,524,12,0.9405
524,564,12,0.9405
524,565,12,0.6732
524,658,12,0.9801
524,672,12,0.9801
535,662,12,0.6732
537,662,12,0.6732
564,662,12,0.646
565,662,12,0.4624000000000001
567,662,12,0.6732
575,693,12,0.9801
583,662,12,0.4624000000000001
644,681,12,0.9801
662,676,12,0.6732
681,690,12,0.9405
681,694,12,0.9801
5,94,13,0.7800984075272516
5,117,13,0.5758373642225224
5,129,13,0.370693470182236
5,145,13,0.6195616620960753
5,310,13,0.6956701924709889
5,317,13,0.6986265503524973
5,566,13,0.7867947667514336
5,659,13,0.7668933806448784
7,53,13,0.7467142973293514
7,686,13,0.7637691830431018
25,138,13,0.49717800946326
25,340,13,0.6227281169501063
32,66,13,0.8897339785105146
32,117,13,0.5133449802031826
32,317,13,0.5809508918221616
32,566,13,0.6952669231016203
33,117,13,0.3577946111175387
33,504,13,0.8514489851902217
33,566,13,0.4714503557488516
38,168,13,0.4951264576236717
49,485,13,0.7742637010456587
49,540,13,0.73628236962684
53,129,13,0.5151503614892193
53,168,13,0.8436750844929425
53,220,13,0.6676284894900104
53,261,13,0.8697246285252725
53,296,13,0.8468564927989989
53,317,13,0.6017126087639911
53,347,13,0.9515053876134342
53,517,13,0.5885737758662772
53,575,13,0.6522460299492022
53,644,13,0.9784902812118252
53,662,13,0.6652743446486932
53,681,13,0.8789975301873056
56,370,13,0.5818205834079963
58,162,13,0.8586802931795033
66,117,13,0.6014628169561941
66,129,13,0.4423026813434761
66,168,13,0.5222463141859889
66,295,13,0.549321686247788
66,317,13,0.7728834084467827
66,341,13,0.9334048689109604
66,391,13,0.6402911270439161
66,566,13,0.8281416483602314
66,677,13,0.8913814744816109
72,117,13,0.2812946551720897
72,370,13,0.6648524461353887
74,681,13,0.8261157364388586
88,145,13,0.6324808452068545
88,327,13,0.7555943165419589
88,412,13,0.9786620759391084
106,370,13,0.5803555587485303
111,686,13,0.5873471570851532
117,129,13,0.4177375024454353
117,132,13,0.4459117585395155
117,145,13,0.2703168678427644
117,189,13,0.3963262382012737
117,195,13,0.5625437167094173
117,220,13,0.244444760804771
117,237,13,0.5860189010549169
117,240,13,0.2879471432500662
117,251,13,0.653769628469903
117,281,13,0.6449752667439617
117,295,13,0.454874420197081
117,299,13,0.6481868845269777
117,317,13,0.6550441954372984
117,327,13,0.5535108327717094
117,356,13,0.5149077387543235
117,381,13,0.4269111878232023
117,386,13,0.614416259931461
117,391,13,0.449096782363625
117,396,13,0.3827291129204283
117,401,13,0.6435041270463175
117,409,13,0.4717799089724832
117,431,13,0.6643224910951248
117,566,13,0.6455980640250588
117,575,13,0.6431539858734722
117,613,13,0.638412927164918
117,632,13,0.2604594213125471
117,659,13,0.6677220633246422
117,670,13,0.3877365186515448
117,673,13,0.3510690369415943
117,678,13,0.5879300882903495
118,295,13,0.3789987918493178
121,310,13,0.8440351830810118
121,566,13,0.63599150827186
121,659,13,0.5933375704632551
129,161,13,0.5662832003176668
129,168,13,0.6640062699322314
129,195,13,0.6667639471851756
129,220,13,0.3891305407906286
129,237,13,0.3873500580114652
129,240,13,0.4152659575610746
129,295,13,0.4465632892320179
129,317,13,0.6583593792858481
129,347,13,0.3962005585964981
129,391,13,0.3585036930709472
129,431,13,0.5534342243454706
129,504,13,0.3995249727049113
129,517,13,0.6558938717637385
129,566,13,0.5930102216640464
129,575,13,0.6663051876358078
129,659,13,0.6399762924973063
129,662,13,0.3041318908124737
129,677,13,0.3631751484270278
129,678,13,0.3905358835375485
132,686,13,0.8047540917562402
138,310,13,0.3741928847955482
140,686,13,0.9775246190931448
145,290,13,0.459945697681249
149,290,13,0.6510807778314933
149,370,13,0.9413766120568624
161,240,13,0.3484356080509632
161,566,13,0.9279610809154628
162,281,13,0.7116015668615508
168,195,13,0.979740963392397
168,220,13,0.6186861111767614
168,240,13,0.6450925244098781
168,295,13,0.6124952179015377
168,317,13,0.9116958394058088
168,386,13,0.5049150837700397
168,391,13,0.4447829302417412
168,566,13,0.7901211618590493
168,575,13,0.933769912907168
168,613,13,0.5847802257685959
168,657,13,0.9081459674191752
168,659,13,0.8689201835838994
168,662,13,0.5202530377787083
170,540,13,0.9800546652947922
188,290,13,0.6731304936107431
189,290,13,0.6692653450205264
195,317,13,0.921098022887984
195,347,13,0.6806138172454481
195,431,13,0.7210547230783356
195,566,13,0.8036388605237108
195,662,13,0.508499136828303
200,290,13,0.6441298949183549
211,295,13,0.6448909871063633
220,261,13,0.5525947722706834
220,295,13,0.3109921234448677
220,317,13,0.4781028189540729
220,347,13,0.627424843433618
220,517,13,0.4700384311111656
220,566,13,0.360631830972106
220,575,13,0.5088128612780753
220,662,13,0.444091357409306
232,295,13,0.3396002280824325
237,290,13,0.579164351903146
237,317,13,0.7188917397509392
237,370,13,0.830451079072586
238,681,13,0.7152472219716783
240,261,13,0.504728729190876
240,295,13,0.3482695625253601
240,317,13,0.5294174963915222
240,347,13,0.5952142625495684
240,517,13,0.522326172787413
240,566,13,0.4198564674564947
240,575,13,0.556114887788615
240,662,13,0.4263367359176209
276,686,13,0.5736899162857215
281,317,13,0.9784620431951572
281,431,13,0.8811705771685261
289,566,13,0.7155196028978659
290,310,13,0.6476073153100922
290,379,13,0.5643808798260366
290,386,13,0.544562045244943
290,412,13,0.6607865460500939
290,508,13,0.6248718904854744
290,680,13,0.410051752208144
295,317,13,0.6722861697057689
295,431,13,0.633931280609146
295,434,13,0.4778068543708837
295,448,13,0.5393806200859403
295,485,13,0.3561390167478779
295,504,13,0.5264301075212418
295,517,13,0.6727820933117462
295,550,13,0.462252140570295
295,566,13,0.6391848910497872
295,575,13,0.668420622725675
295,659,13,0.6722545514192895
295,670,13,0.3361571577731908
296,567,13,0.6731348832785866
296,662,13,0.6266799133368307
299,566,13,0.8960335268169022
310,370,13,0.9492325507112837
310,625,13,0.935105337184391
317,517,13,0.9799604877277166
317,566,13,0.9222178138239178
317,575,13,0.9778931310784786
317,659,13,0.974690346034904
317,678,13,0.7227421082205002
327,566,13,0.7539251538235524
330,378,13,0.9333826619601978
339,686,13,0.9798344767289918
347,567,13,0.6432729361509237
347,599,13,0.627106847604579
347,662,13,0.6705623643387365
368,686,13,0.6130990837467369
370,391,13,0.4523244877127957
370,393,13,0.9622893022130492
370,625,13,0.978747270291869
370,665,13,0.917784784788407
370,680,13,0.6162186354930128
378,395,13,0.4630898149496156
391,540,13,0.5346631031247436
391,566,13,0.6215982446768246
392,471,13,0.6779934070936425
395,686,13,0.3990426978011252
401,566,13,0.9081972928219796
429,540,13,0.8910207282790796
430,686,13,0.7982654504771114
431,566,13,0.9221508091361738
431,659,13,0.939108251306792
438,485,13,0.9657929988712792
438,540,13,0.9741530142783584
441,686,13,0.5280118869965426
474,686,13,0.5050483228992376
485,540,13,0.9782856202285034
485,546,13,0.9696987846888414
485,566,13,0.6079232481601566
501,686,13,0.9517319352362056
504,517,13,0.7444224775961678
504,566,13,0.8126215692776214
517,566,13,0.9252001073279718
526,686,13,0.5832338574263519
540,543,13,0.952848780489568
540,546,13,0.976564893509484
540,566,13,0.5631529393464713
540,588,13,0.9404955795827674
540,664,13,0.6701866460767217
540,670,13,0.6395893633501373
540,677,13,0.8792421132385777
566,575,13,0.9077644003433032
566,632,13,0.3448245157096713
566,659,13,0.9364897216237316
566,677,13,0.7618031628915964
566,686,13,0.9052588699461056
567,662,13,0.4280559499793205
575,662,13,0.3658555571289812
575,693,13,0.618521644726756
644,681,13,0.9023913911964628
686,693,13,0.921141803418761
686,696,13,0.9797131189760752
5,25,14,0.6157012399427001
5,53,14,0.9310302167293524
5,145,14,0.3930088527610043
5,659,14,0.9378581664983242
23,138,14,0.8419907169731237
23,372,14,0.8946638030568804
23,652,14,0.9203717207909448
25,33,14,0.9561507650127088
25,53,14,0.8231401591163171
25,72,14,0.6428739743645779
25,138,14,0.7676698127840623
25,183,14,0.91903185233367
25,189,14,0.5564101135073228
25,310,14,0.927296591748708
25,340,14,0.6677083968889169
25,347,14,0.9001967485376394
25,370,14,0.9678462560301656
25,412,14,0.9550743225627382
25,517,14,0.8082539842816058
25,575,14,0.6798662903052303
25,625,14,0.9482252451934576
25,693,14,0.9360021284265728
32,347,14,0.973826320832677
36,652,14,0.9667595606769904
37,147,14,0.6329739764513795
39,53,14,0.6421823975621602
39,692,14,0.478117951655199
42,593,14,0.3918653276123353
48,249,14,0.5607543115903039
48,652,14,0.8973241162216579
49,485,14,0.661064283926449
49,540,14,0.9333195406936726
53,121,14,0.9770630497121644
53,347,14,0.966433328635468
53,370,14,0.8967124233591024
53,517,14,0.9398542857438564
53,575,14,0.9541919038762608
53,625,14,0.9309449973341622
53,693,14,0.9438905443119574
72,370,14,0.6663284249608687
88,461,14,0.9784266571727734
88,499,14,0.3978345302838997
88,565,14,0.6243035734074567
94,542,14,0.6561121692708766
94,565,14,0.6731668153841099
99,147,14,0.6502613150574023
106,272,14,0.6590383427434127
106,569,14,0.935598589326912
106,652,14,0.5462540717554484
106,692,14,0.4817043140913822
110,272,14,0.5666293758892389
111,652,14,0.8550499319544953
121,310,14,0.6652068678439168
121,659,14,0.8922979325597369
138,183,14,0.9315591911985408
138,254,14,0.4930221944985858
138,298,14,0.7008075042689524
138,310,14,0.9236131187697014
138,372,14,0.5637510310032864
138,515,14,0.5031019776245157
147,495,14,0.5959736106577986
147,516,14,0.8902139592854786
147,565,14,0.6366388981864959
147,642,14,0.5885584345567078
150,372,14,0.973328007300234
170,540,14,0.8284676160367479
183,347,14,0.7094250918004316
183,370,14,0.853858535048952
214,370,14,0.5173400401764284
216,347,14,0.5703920857921877
218,272,14,0.6459674055128212
270,372,14,0.6120102481626539
272,307,14,0.5100714249867924
272,557,14,0.3677397768227052
272,565,14,0.3195414366649817
272,652,14,0.4813560372724458
298,627,14,0.4505148257781402
302,372,14,0.9250141325126716
302,461,14,0.7388638637216671
306,692,14,0.4782302529048858
310,347,14,0.7261886953165109
310,370,14,0.8656760805205779
310,517,14,0.6089916138856186
310,593,14,0.8647467796669777
310,625,14,0.8168614546732328
310,652,14,0.846842066504849
313,692,14,0.3959848140764915
327,347,14,0.958671506258788
340,372,14,0.6775117585893559
347,349,14,0.6596137873640441
347,393,14,0.8445113994303589
347,412,14,0.7901794974585437
349,370,14,0.8175353736302005
364,485,14,0.3655380644718751
370,376,14,0.5231169953104761
370,393,14,0.940847140559077
370,517,14,0.8739555509469873
370,625,14,0.975451052670621
370,659,14,0.7439726836157456
372,379,14,0.7691340062099981
372,461,14,0.8668872476424787
372,494,14,0.747750176829393
372,538,14,0.9793744308857686
372,573,14,0.9345171621802628
372,594,14,0.3922290733383445
372,656,14,0.9369701099573932
378,421,14,0.6710907502072828
378,430,14,0.5995829497410953
419,692,14,0.3429978591982113
429,540,14,0.8729758745282811
437,652,14,0.9363146049900598
438,485,14,0.6698467741176581
438,540,14,0.9399774938275246
477,540,14,0.9288023884286998
485,540,14,0.6445714324625568
486,692,14,0.5685439868902683
517,625,14,0.9036142768979089
540,543,14,0.8419059676001891
540,545,14,0.8924072581747734
540,588,14,0.8804395393682228
540,631,14,0.6649159832224413
540,664,14,0.6425281891477785
565,569,14,0.4922037074056327
575,693,14,0.8586530081504807
652,680,14,0.9042110479898996
652,692,14,0.6589364774917215
652,695,14,0.8158635707525554
5,94,15,0.7598286737376118
5,310,15,0.9797386368046404
5,443,15,0.3723701303982537
30,60,15,0.7913661639812403
30,168,15,0.9598923640389568
30,524,15,0.7905057040465567
38,168,15,0.9800081994275384
42,524,15,0.3657651835891132
47,557,15,0.9272821508526002
47,686,15,0.6733602171074196
56,168,15,0.6011449774168524
60,598,15,0.8449654898945949
60,651,15,0.6178286256215354
67,168,15,0.9787694534723608
67,355,15,0.5495847136799252
85,347,15,0.6280191843461632
88,461,15,0.9752899986224816
88,651,15,0.5702108376131284
94,443,15,0.6429335191842408
94,651,15,0.6103419613102211
106,569,15,0.897954376470145
106,686,15,0.8361956116342336
111,686,15,0.4297458681192906
135,147,15,0.9083396967666908
137,164,15,0.922125012627487
137,565,15,0.6290649563008445
143,413,15,0.943317486774332
145,524,15,0.5735104769030225
147,172,15,0.4403696289402888
147,199,15,0.8544442322390426
147,263,15,0.6457426565920361
147,495,15,0.6376293253360845
147,507,15,0.4875671270642746
147,516,15,0.8825729413687793
147,533,15,0.6666226540456587
147,642,15,0.6607063052975521
147,670,15,0.9235656899772332
149,168,15,0.5817235360703786
161,651,15,0.6637891592164156
164,524,15,0.582699687158446
168,179,15,0.5235316768335139
168,193,15,0.860290610707561
168,225,15,0.6471370513399468
168,269,15,0.6520971723614383
168,344,15,0.3645030873940275
168,382,15,0.9211198807707136
168,414,15,0.97391838908409
168,424,15,0.656749078931187
168,565,15,0.5950612503004866
168,594,15,0.908987171253552
168,597,15,0.8422304292514173
168,598,15,0.9354319588607376
168,653,15,0.9680016065143174
168,657,15,0.8902355025379631
217,445,15,0.6719500974026007
227,625,15,0.5880455801541685
246,686,15,0.9078837993106992
269,524,15,0.6625597342436315
302,461,15,0.6162499268186529
310,347,15,0.9155838482717816
310,625,15,0.6710648048340776
344,355,15,0.41932451426263
344,431,15,0.5639187111919814
344,524,15,0.5669272031263237
347,372,15,0.6129706917777769
347,379,15,0.9333461537028488
347,393,15,0.879481328739882
347,412,15,0.6299667663552584
347,573,15,0.5428617153144295
347,587,15,0.7279954326770701
347,680,15,0.9691944239668888
355,594,15,0.6622879308322744
355,597,15,0.672959357821412
368,686,15,0.764807389804744
369,625,15,0.6302712622880366
382,524,15,0.9769347238216908
413,622,15,0.6885413463479121
461,677,15,0.534667607700523
495,686,15,0.5605688622449788
501,686,15,0.9707021047729112
524,565,15,0.4101516876568691
524,658,15,0.8324661509347814
544,668,15,0.3986419433243385
556,569,15,0.8043646103172838
557,686,15,0.8677052864587881
565,686,15,0.3538633835790322
573,625,15,0.4347481476496594
620,668,15,0.6536067998147094
686,696,15,0.4331249367764908
16,652,16,0.7276135565832429
17,431,16,0.891280281534895
17,524,16,0.9085380839423504
24,66,16,0.6459563391861045
37,147,16,0.4691613009305092
38,168,16,0.8657762925442242
42,66,16,0.5878762282380035
42,168,16,0.4787961266734586
42,524,16,0.933664460862902
55,112,16,0.8329445222180899
56,168,16,0.9309891647976204
57,692,16,0.406950534870492
66,89,16,0.5758335135392179
66,168,16,0.552087230559622
66,348,16,0.45800687578563
66,372,16,0.6087139093203366
67,168,16,0.940074889088373
67,355,16,0.7447630515232055
67,372,16,0.7078943465909912
72,585,16,0.9232455793309022
88,145,16,0.339034401913401
88,524,16,0.5227952606613959
88,565,16,0.5799374426869521
88,658,16,0.9204824162829708
112,413,16,0.6352595066512897
112,614,16,0.9017378709766238
112,622,16,0.9676400166828946
112,652,16,0.920540461224284
113,355,16,0.8289821145164672
118,692,16,0.4024034637777149
121,298,16,0.7110233908255841
121,344,16,0.9605958225099472
121,401,16,0.9263191525325684
121,597,16,0.9388956890431694
121,680,16,0.6626749696257713
143,413,16,0.9658561443508356
145,524,16,0.6727912893008356
145,585,16,0.6223571221522437
147,148,16,0.4355863226206324
147,292,16,0.5611649001504293
147,516,16,0.8600201151799075
147,533,16,0.8531026452206818
147,550,16,0.3693812962048389
147,565,16,0.4590543647445599
149,168,16,0.9705870285357308
150,372,16,0.970362265547219
164,524,16,0.5000800539591993
168,193,16,0.6646291093715865
168,219,16,0.765887936375598
168,225,16,0.5031140693593553
168,269,16,0.7702452422852081
168,315,16,0.3802529301904225
168,414,16,0.925622005557654
168,565,16,0.6089306892753368
168,594,16,0.7014018394299306
168,597,16,0.5294381637421699
168,612,16,0.5417601237379832
168,657,16,0.6952752995595306
168,667,16,0.6703538398819432
168,680,16,0.8769856407513024
168,692,16,0.3425910937436171
201,627,16,0.4194564815862245
218,524,16,0.9749528378882034
225,692,16,0.4403372373647775
241,668,16,0.6132321692171901
269,524,16,0.8971327888122352
269,585,16,0.7003063849157661
272,586,16,0.4039102363452449
272,694,16,0.5649461344389501
287,410,16,0.8741014773216512
298,410,16,0.940402733197608
298,585,16,0.7444167107511909
298,627,16,0.8230058912519094
312,355,16,0.926491413194577
324,692,16,0.5041397863135538
336,692,16,0.5764484855615235
344,355,16,0.975505435739484
344,372,16,0.979284135477726
344,410,16,0.5512384587294091
344,431,16,0.952295741560592
344,524,16,0.965085552742866
344,575,16,0.9787230616673924
344,585,16,0.949455629779956
344,652,16,0.7104257403466279
349,524,16,0.97536925120105
349,585,16,0.9279462454002682
355,372,16,0.978560280469706
355,565,16,0.5725374602865094
355,594,16,0.9562241141712368
355,597,16,0.9800840535201754
358,575,16,0.633508247081443
365,692,16,0.4566649625056438
372,391,16,0.6626791498405447
372,431,16,0.9609589058500684
372,455,16,0.6057490023079594
372,513,16,0.9442249528480232
372,575,16,0.975789722323668
372,594,16,0.9426743528239312
372,597,16,0.9788576232788264
391,540,16,0.7952954839055281
391,668,16,0.3662074336638048
401,524,16,0.9792239892387676
412,524,16,0.9763970237806382
413,622,16,0.745814298115958
429,540,16,0.8381871835076213
492,540,16,0.783816789159277
492,692,16,0.510814460144053
524,565,16,0.5985122366802955
524,585,16,0.8925103450094882
524,658,16,0.7757207895376942
524,680,16,0.8811580764623258
540,586,16,0.929157227094644
544,668,16,0.4590075631049476
547,692,16,0.6385526463617315
565,585,16,0.4176743677550218
565,692,16,0.3825793363611631
572,692,16,0.52912597175881
585,589,16,0.9206657049673016
585,597,16,0.9233763782712158
585,639,16,0.9756672366007124
612,692,16,0.6722981785866372
614,652,16,0.9787658221241958
614,692,16,0.4358594556526128
620,668,16,0.6694994575986403
652,692,16,0.4620271262620415
664,692,16,0.4210966728914562
667,692,16,0.2708836036191128
23,25,17,0.9799282386222592
23,138,17,0.9640236786117644
23,370,17,0.9707030453472992
23,625,17,0.945991459648976
25,31,17,0.6837296433003843
25,138,17,0.96716435981051
25,189,17,0.8263281276807292
25,333,17,0.7596167843095353
25,370,17,0.9679982468501436
25,461,17,0.938126575716786
25,480,17,0.9606408765377966
25,570,17,0.6194020212385598
25,625,17,0.9506240437575066
31,370,17,0.7852970169731011
31,625,17,0.4922458391607882
39,245,17,0.6718748906585615
47,279,17,0.5620510134182065
47,377,17,0.902425179226527
47,395,17,0.6674918908812886
48,248,17,0.3663058715146024
56,168,17,0.3129947300324284
106,272,17,0.6686386380459584
106,370,17,0.6290175095031961
110,272,17,0.5396949282365759
120,370,17,0.962375015212377
138,179,17,0.927951208072478
138,461,17,0.8797962174792101
168,189,17,0.564874845620463
168,298,17,0.4401869982921193
168,503,17,0.3399572310219805
168,540,17,0.4551485812108812
179,625,17,0.912011055709452
245,377,17,0.5131349563148979
259,272,17,0.6390959021014735
272,274,17,0.5934192710884413
272,586,17,0.6869122575358717
272,694,17,0.9742522154813134
293,377,17,0.97917861620846
308,377,17,0.721776333276678
310,370,17,0.5114229476752261
310,593,17,0.9694941979814822
359,540,17,0.4943507578838372
370,393,17,0.8273730303920672
370,482,17,0.7258041758618538
370,625,17,0.9015136504817552
372,594,17,0.8998944477462484
377,395,17,0.6487230049074193
377,600,17,0.9402172347181056
492,540,17,0.5626061290636183
540,546,17,0.5112159628170703
540,586,17,0.6709982628705946
39,245,18,0.6283249754222511
41,147,18,0.6002897086557304
47,377,18,0.7560416978588289
47,395,18,0.6664318112731905
94,214,18,0.592427366584175
94,542,18,0.6451513177320675
110,652,18,0.4311411567637378
121,273,18,0.6540590147011445
121,310,18,0.919036882508694
143,413,18,0.7246688144653456
146,377,18,0.6391265742361024
146,652,18,0.7018249203499827
147,169,18,0.4240020067148718
149,290,18,0.3435684603683471
164,290,18,0.4681776445402733
200,372,18,0.9282398217089344
245,652,18,0.4402168465377309
257,290,18,0.369843069010818
271,290,18,0.4243939569266171
273,372,18,0.6574418620800911
277,290,18,0.6224767926179033
290,573,18,0.6612145124825255
293,377,18,0.900885355896772
310,372,18,0.9263827209486968
310,652,18,0.5821193367839363
340,372,18,0.9682829569764032
364,377,18,0.9421542726453708
364,413,18,0.8174933181903475
372,379,18,0.526617002985353
372,538,18,0.6418830799463013
372,594,18,0.9512313170265122
377,395,18,0.5746747246561174
377,413,18,0.934824271984622
377,467,18,0.9148302458662826
377,600,18,0.8183571447922942
594,652,18,0.9176436072151922
608,684,18,0.5037074148234604
10,324,19,0.8798831972996949
10,520,19,0.9575574431007344
18,686,19,0.8697551455349005
23,161,19,0.49140760533402
23,317,19,0.510713003898497
23,347,19,0.6396261420927473
23,585,19,0.9305059934820744
23,625,19,0.8339900302715255
31,347,19,0.6113405156547054
31,625,19,0.8875133832195169
31,684,19,0.8915940931256272
42,347,19,0.4619032792730755
42,593,19,0.6635642492518348
43,207,19,0.9774117953985482
47,272,19,0.9143293769568118
47,279,19,0.9765605427576902
47,377,19,0.9028459157687794
47,395,19,0.926438954279746
47,557,19,0.7097514183499045
47,686,19,0.8911687020631146
48,87,19,0.7190636165772603
48,309,19,0.7837372191252956
48,377,19,0.8651672502520957
48,455,19,0.802135772549426
52,53,19,0.7246125668628419
52,467,19,0.9647327830018164
53,69,19,0.5682445943316395
53,104,19,0.9796280308822204
53,115,19,0.9560552881890428
53,178,19,0.8337946657082485
53,244,19,0.7621761148627437
53,296,19,0.9696652250966944
53,317,19,0.8969801970846549
53,413,19,0.7167962895528445
53,467,19,0.5968443010428387
53,549,19,0.7978900441366532
53,557,19,0.7209523835327463
53,625,19,0.6211171456745674
60,220,19,0.5474259035116383
60,288,19,0.9080718423595616
60,298,19,0.823902857695449
60,317,19,0.9258644258069042
60,505,19,0.752081412877873
60,583,19,0.8951632628955691
60,598,19,0.971238979709068
60,651,19,0.9729482917042616
62,123,19,0.7868157398102253
68,317,19,0.9608294328679396
69,92,19,0.7841142733126494
69,115,19,0.7301026088480237
69,220,19,0.9745556419266416
69,342,19,0.9242726943742132
69,454,19,0.9448076936792676
69,476,19,0.8902019728114117
69,535,19,0.8775783399947344
77,347,19,0.3868034799417831
77,383,19,0.9466749609616952
90,347,19,0.6449190620433063
90,625,19,0.8201818243540981
92,115,19,0.9305776498157148
94,214,19,0.9788232997475856
94,676,19,0.851821224404302
104,134,19,0.6857078564015493
104,141,19,0.6530476528633851
104,179,19,0.9385575986048658
104,184,19,0.9457137153697904
104,189,19,0.9388840065061528
104,193,19,0.5849663838196674
104,202,19,0.9547545895194788
104,218,19,0.5404642912399285
104,220,19,0.5064912476135472
104,237,19,0.8407291250777418
104,255,19,0.975754402208332
104,269,19,0.551065505212464
104,288,19,0.8886932455705165
104,298,19,0.849181486457778
104,302,19,0.7951892554810922
104,317,19,0.9088050790607566
104,325,19,0.8618110865110805
104,337,19,0.7547831519243583
104,363,19,0.9448666652989371
104,414,19,0.8541082079843493
104,437,19,0.8703772946207265
104,456,19,0.911308979564322
104,478,19,0.9474338901935684
104,487,19,0.933194921385132
104,505,19,0.720033312536938
104,515,19,0.7139410788161511
104,542,19,0.7455852051178102
104,549,19,0.7820556636099097
104,583,19,0.879777412444087
104,597,19,0.8877074497686757
104,598,19,0.976559485459251
104,651,19,0.9659011653040052
108,442,19,0.5385190524426842
112,413,19,0.6185787922800805
112,414,19,0.900270350153403
112,485,19,0.7027295994689559
123,220,19,0.7594183848411127
123,482,19,0.9465721144171122
123,678,19,0.7193927119635212
134,442,19,0.8007455654199804
140,377,19,0.6268802644263957
140,686,19,0.9789795864703784
141,317,19,0.5443309787103267
150,377,19,0.6729584966795157
152,442,19,0.5372946256089222
155,272,19,0.7432233330227287
155,377,19,0.7228835136109267
157,625,19,0.9784006990043213
161,482,19,0.5276401288691486
164,347,19,0.6452493732776396
175,383,19,0.9680646607763111
179,317,19,0.8476640073947593
179,625,19,0.5715095927084789
180,625,19,0.9410637627620312
182,485,19,0.5748310401191256
186,585,19,0.96131450646518
187,272,19,0.6076378766437373
187,377,19,0.5832969315779075
192,317,19,0.938615967881471
193,317,19,0.4176617404167708
207,651,19,0.924536816760746
210,296,19,0.9188615363891286
215,686,19,0.8097514828139282
220,244,19,0.910591943993888
220,261,19,0.8146364684520513
220,272,19,0.6722810718595501
220,317,19,0.7838213598131407
220,347,19,0.5166711169902165
220,377,19,0.6496538395314552
220,485,19,0.969070815054255
220,585,19,0.7507469382639115
220,593,19,0.8236386753585494
220,625,19,0.9652464796400044
220,684,19,0.7545962657845504
237,317,19,0.9681910181167598
244,302,19,0.9798064551814786
244,304,19,0.4786637685218174
244,391,19,0.8842271721826591
244,415,19,0.6533137979178728
246,686,19,0.7916848882439997
254,417,19,0.6345399888089045
255,317,19,0.8702566868624011
260,485,19,0.8924322422945381
261,271,19,0.9718109901678282
261,505,19,0.630757221552533
269,347,19,0.4926111670281645
269,585,19,0.7156261002938326
270,317,19,0.9775464100985092
271,347,19,0.6544671266907358
271,585,19,0.952289797582374
271,593,19,0.973802863881754
272,307,19,0.979474229983848
272,308,19,0.8632781610257795
272,330,19,0.951740395160491
272,377,19,0.9796208248038218
275,317,19,0.6526128288971211
279,686,19,0.9225882667667604
282,383,19,0.971862689131216
288,317,19,0.9787985806474708
288,549,19,0.4888140441976009
293,377,19,0.9800997728779172
296,390,19,0.6657551096330868
296,442,19,0.9178227466403568
296,535,19,0.7879377723275288
298,317,19,0.6041764476828243
298,549,19,0.9384439984978722
302,390,19,0.3914193351227972
302,442,19,0.8854702538533026
307,377,19,0.980090229615116
308,377,19,0.8483469122225797
308,485,19,0.873007160113766
317,344,19,0.7155698383039829
317,362,19,0.7530657056548108
317,363,19,0.7786239644321542
317,407,19,0.7395312197144593
317,451,19,0.6657321907325261
317,478,19,0.9724688417136098
317,487,19,0.8215067734827394
317,505,19,0.9166267538349148
317,549,19,0.5295579220705299
317,570,19,0.9284084213070214
317,581,19,0.6924089863065246
317,583,19,0.940262591487201
317,584,19,0.935786942379176
317,597,19,0.6675910985114857
317,598,19,0.8743579958847317
317,625,19,0.8739938522789051
317,637,19,0.957896050830479
317,651,19,0.957877998037914
318,561,19,0.941398006834426
330,686,19,0.49710662448359
338,442,19,0.7347445422125941
344,347,19,0.5603245831267245
344,585,19,0.814499186444518
344,593,19,0.8762731168846765
347,382,19,0.6716559541540134
347,393,19,0.6694138135898758
347,505,19,0.376126068167512
347,509,19,0.3846686808104009
347,573,19,0.4802254057562469
347,585,19,0.6731981740716131
347,683,19,0.5459326997699757
360,686,19,0.939690644813141
361,383,19,0.6110743974663845
364,377,19,0.9493737349244054
364,485,19,0.7202683542835807
377,395,19,0.9778837094718502
377,512,19,0.9533743209014146
377,600,19,0.9788335319338348
383,609,19,0.5733829465349201
390,442,19,0.5884294869792599
390,535,19,0.4758471152560303
390,687,19,0.6512698719543858
391,442,19,0.5988030752297024
395,686,19,0.7092462434382523
405,481,19,0.6162544931574921
414,625,19,0.923747684510415
442,522,19,0.5712339004053579
442,535,19,0.9423332066954734
442,677,19,0.5809431015796638
485,493,19,0.9585255010748652
485,669,19,0.5309427158746964
495,686,19,0.3673858828159833
505,585,19,0.5457006119903004
505,625,19,0.9744153297520824
521,686,19,0.883523587101647
557,686,19,0.9266776625124672
571,625,19,0.9147860640490248
573,585,19,0.7006149485689236
583,625,19,0.8289065552685487
585,589,19,0.8012820075916833
585,639,19,0.8772868491343132
593,625,19,0.7190195482433062
625,651,19,0.7602633101244344
625,683,19,0.9507872325287492
636,686,19,0.8969831279896634
1,619,20,0.9036197276408908
3,517,20,0.5896487342781623
4,633,20,0.9453798411027936
5,25,20,0.9800259622850188
5,30,20,0.9323353171922544
5,53,20,0.9798727314148412
5,97,20,0.9498568661963326
5,163,20,0.95443430656174
5,183,20,0.866631327066068
5,208,20,0.7876347039974176
5,273,20,0.9600079316086292
5,443,20,0.9688147800523308
5,567,20,0.8493793745006262
5,591,20,0.87597199840591
6,104,20,0.6731324772155095
6,628,20,0.5104597901608261
10,324,20,0.8407460483493419
17,88,20,0.6261397601580743
17,168,20,0.6458016474384694
17,431,20,0.8685761926728576
21,628,20,0.7083511104757217
22,52,20,0.5330351792918668
24,66,20,0.6266656767985089
24,619,20,0.9020590804491656
24,628,20,0.74584677033648
25,30,20,0.935979768881362
25,33,20,0.9748589614995083
25,53,20,0.9800581245173904
25,66,20,0.733192206555362
25,67,20,0.9746884837572992
25,72,20,0.896016573949021
25,97,20,0.9527546265603392
25,141,20,0.6112055377263891
25,163,20,0.957101023453632
25,168,20,0.6715994898416018
25,183,20,0.8721923560597958
25,195,20,0.8522831352260126
25,196,20,0.9511974630203004
25,208,20,0.7812577620205267
25,273,20,0.962362152369282
25,290,20,0.9781492202437552
25,298,20,0.5063713735189673
25,340,20,0.9791290794795608
25,355,20,0.964638205335346
25,363,20,0.5105222600271847
25,370,20,0.8234547745407059
25,390,20,0.6952307748861977
25,411,20,0.6208147315397294
25,452,20,0.7069401737845513
25,480,20,0.4948751860495298
25,487,20,0.9062049026280756
25,517,20,0.5732852897439671
25,549,20,0.7921509591365956
25,564,20,0.5677040409368753
25,567,20,0.8433043887907644
25,591,20,0.8813093779465726
25,619,20,0.826994006471813
25,628,20,0.8400256549734961
25,632,20,0.7400324633293183
25,660,20,0.946053821483124
30,33,20,0.9009462198807172
30,168,20,0.6276037279411758
30,290,20,0.9524523324034438
30,370,20,0.6287053917382606
30,416,20,0.8460667526938015
30,517,20,0.4427862280414908
30,628,20,0.6524201699082758
33,97,20,0.9239161031994628
33,163,20,0.9301833616770148
33,168,20,0.6727995726651469
33,199,20,0.6702910089493718
33,549,20,0.7283089971469697
33,591,20,0.8323086330584413
34,628,20,0.6656583600782685
43,207,20,0.8300751428801384
45,104,20,0.9721146184587348
52,53,20,0.878546928267679
52,258,20,0.684727472590954
52,474,20,0.9242884916146952
53,66,20,0.727715845227652
53,79,20,0.7565408993067323
53,88,20,0.7242355539505694
53,137,20,0.970642634833979
53,168,20,0.6711419377147866
53,290,20,0.9786787661990376
53,296,20,0.5727144852539865
53,355,20,0.9661999243211228
53,370,20,0.818506234776167
53,408,20,0.8820505954842843
53,413,20,0.9179393978326168
53,416,20,0.9526602100792004
53,431,20,0.9389990182405524
53,517,20,0.5699985747650532
53,549,20,0.7974521546980265
53,619,20,0.8318209702556721
53,628,20,0.8353222563576315
53,649,20,0.9470791222778218
53,681,20,0.8001565724044462
60,288,20,0.8921996156531605
60,298,20,0.9210523975125938
60,299,20,0.5653486984716934
60,317,20,0.4478789897801316
60,591,20,0.5907213390848346
60,598,20,0.961898238911337
60,651,20,0.9712784638368236
64,104,20,0.5150224000880497
66,97,20,0.5745647563884566
66,163,20,0.5891294588236785
66,168,20,0.5302920562277135
66,208,20,0.8991379000542452
66,273,20,0.6083645757181912
66,567,20,0.9310182755301244
66,596,20,0.5899854338951428
67,168,20,0.6630228057543174
67,355,20,0.977509047512496
67,619,20,0.8776261161606856
67,628,20,0.7824005887222
72,104,20,0.5418955499539778
72,370,20,0.9078163638894644
72,628,20,0.9152095820530672
79,467,20,0.6308544242086206
84,104,20,0.642117647284983
84,628,20,0.9715625958305072
88,183,20,0.9433057916659732
88,202,20,0.6445381416279632
88,234,20,0.9196043188536748
88,350,20,0.6061066526552126
88,591,20,0.937564000192206
88,651,20,0.7087397150089171
88,658,20,0.9650946517173792
91,139,20,0.7897398895289288
92,115,20,0.6649970762357823
97,168,20,0.6419789531252541
97,290,20,0.9653563128282586
97,355,20,0.9783996089781168
97,370,20,0.6758005875986444
97,413,20,0.9717620871454192
97,416,20,0.8761587582635844
97,431,20,0.978149756404605
97,517,20,0.4745095247194197
97,549,20,0.9054292553968348
97,628,20,0.6981476965832547
102,378,20,0.427528858162255
104,195,20,0.7177218399713724
104,208,20,0.7342090487515334
104,278,20,0.9313977686941706
104,312,20,0.5324273967316823
104,337,20,0.9678790400043004
104,394,20,0.900801638150916
104,403,20,0.5316321590796917
104,420,20,0.9583482927882708
104,532,20,0.8517402159901064
104,564,20,0.5157049777956343
104,567,20,0.729789152265864
104,628,20,0.7340449468658187
104,660,20,0.5285682869371476
112,414,20,0.9355331151304076
112,485,20,0.5472038968038296
126,168,20,0.6497791127583914
126,413,20,0.9656842233957345
126,628,20,0.7258832681741537
126,649,20,0.9774193519172218
134,442,20,0.5435616240673856
137,141,20,0.7176884412776425
137,196,20,0.9756638552502483
137,208,20,0.6953292942125499
137,216,20,0.9581792987052836
137,290,20,0.9765471816198922
137,311,20,0.9696190276344714
137,452,20,0.7994712041702258
137,487,20,0.9514172487281282
137,564,20,0.5080225868642251
137,591,20,0.9349905171141928
137,672,20,0.9116913893141152
141,168,20,0.3825525232863055
141,290,20,0.6583055123963074
141,355,20,0.7371190873038881
141,431,20,0.8102557650052941
149,168,20,0.5765268606681625
149,290,20,0.8986859607074003
149,370,20,0.4904154989677923
149,416,20,0.7486632854679637
151,628,20,0.5177125718041616
153,681,20,0.828551734067088
154,649,20,0.8244055146461282
163,168,20,0.6458483049405023
163,370,20,0.6896608947933037
163,413,20,0.9690587935815655
163,416,20,0.8846464493511553
163,517,20,0.4838298214574544
163,549,20,0.8978574479000698
163,628,20,0.711570684261258
165,413,20,0.7399868338148056
168,183,20,0.5764947491181514
168,193,20,0.6324492213184241
168,195,20,0.6069229531232496
168,208,20,0.5601314832199111
168,225,20,0.668508461576724
168,273,20,0.6506584156149863
168,290,20,0.6673370735313562
168,313,20,0.6627741272677736
168,315,20,0.5413328550173552
168,337,20,0.3416650974400571
168,376,20,0.6670323002750314
168,390,20,0.4436959618546063
168,411,20,0.4613041527906139
168,420,20,0.3719083860538636
168,424,20,0.6585361142968515
168,487,20,0.6032912956076375
168,549,20,0.5154907572768099
168,564,20,0.4061378006346848
168,567,20,0.6015032198893627
168,591,20,0.5836060158451145
168,613,20,0.6272198999289024
168,619,20,0.5417872497714729
168,653,20,0.4559759703222201
168,660,20,0.6603916377794222
168,672,20,0.6647523248206013
179,290,20,0.5294475817435627
183,290,20,0.8986498278813025
183,355,20,0.9375318859873866
183,370,20,0.4903371069017797
183,431,20,0.9653351144493952
183,628,20,0.517215325152444
187,377,20,0.6576177836141238
188,290,20,0.7390947500587027
193,628,20,0.667229456189574
195,431,20,0.6712919772190895
196,290,20,0.964203318936266
196,416,20,0.8732046990032114
196,628,20,0.6935365637873313
197,687,20,0.6113154410667767
207,591,20,0.6918194165427981
207,651,20,0.9443259519916802
208,355,20,0.6762914094472284
208,370,20,0.940359744642206
208,416,20,0.8793731049579907
208,431,20,0.5917186962362272
208,517,20,0.6455172443379203
208,628,20,0.939359899500275
210,296,20,0.9412901780828072
212,628,20,0.8413223541117821
216,290,20,0.9722410228615024
216,416,20,0.9668973591070228
225,619,20,0.8518419153533275
233,576,20,0.6273888810424895
244,302,20,0.6547798875593239
256,390,20,0.9069881422110704
264,687,20,0.8875256068558047
270,317,20,0.6613162073923232
273,355,20,0.9800212233893936
273,370,20,0.7078866357153736
273,416,20,0.8955239713093046
273,517,20,0.4960733276770594
273,628,20,0.729194593654196
284,619,20,0.9144846682533192
288,317,20,0.6157436181732114
290,300,20,0.7959681424650742
290,387,20,0.9676073162361768
290,452,20,0.7483424583583855
290,453,20,0.7969018231900188
290,487,20,0.9279452691002944
290,488,20,0.9713256034354658
290,539,20,0.8288267885763437
290,564,20,0.5437572899727686
290,567,20,0.8101306186182096
290,591,20,0.9065977101352678
290,601,20,0.9629425013795097
290,649,20,0.9592861046370952
290,663,20,0.9656779938974772
291,378,20,0.4306368879194653
296,390,20,0.9653438854736968
296,442,20,0.83700249272163
296,591,20,0.8586486140020242
296,677,20,0.6393614009022778
298,549,20,0.9034130766512478
302,442,20,0.5456594588706828
312,355,20,0.8838479081839173
312,628,20,0.944018184797912
317,478,20,0.6499760569172273
317,505,20,0.6408099622754378
317,570,20,0.4498247746069294
317,573,20,0.4596505905469306
317,584,20,0.4533422423898522
317,597,20,0.3385572734740127
317,598,20,0.3431495937983118
317,637,20,0.6492891667630567
317,651,20,0.5111286313633534
318,561,20,0.5986295345911198
323,628,20,0.758048787289118
329,378,20,0.5961760845899247
329,681,20,0.9688654679829012
340,411,20,0.6539492718738291
355,363,20,0.6504908813237782
355,403,20,0.8842567104743747
355,549,20,0.8817652621156875
355,567,20,0.7416382019657184
355,591,20,0.943275878374203
355,597,20,0.5312388799135599
355,628,20,0.7374389485318453
355,660,20,0.885821660988417
366,370,20,0.8913285656455384
370,376,20,0.7863153452292594
370,487,20,0.5588972492955003
370,517,20,0.6730459699568507
370,564,20,0.6731887763139566
370,567,20,0.9793736235677684
370,591,20,0.5078952323206399
370,649,20,0.652169342586516
376,628,20,0.8046168755696392
377,454,20,0.5412458885381111
377,515,20,0.4411417444550649
378,390,20,0.4729005571974607
378,463,20,0.5714078057681938
378,558,20,0.6462381348202136
378,643,20,0.575255112954848
390,442,20,0.7362491090119381
390,619,20,0.9573823360757916
390,677,20,0.5013188193494469
390,687,20,0.936619782761827
411,567,20,0.9206314218088784
413,567,20,0.6077055897374296
413,622,20,0.9692921006812666
416,452,20,0.5352533241456849
416,549,20,0.641242324696287
416,567,20,0.9343495772623804
416,574,20,0.6801925629826205
416,591,20,0.7616104552341975
416,613,20,0.8452875561398487
416,663,20,0.876996031465668
416,672,20,0.9800999272150072
417,457,20,0.9767324829948896
420,628,20,0.8538180509368032
424,628,20,0.7612656220248708
428,633,20,0.6779602601087921
431,457,20,0.9781683254814436
431,567,20,0.6581407358034694
435,517,20,0.6495170428741884
442,677,20,0.9324965664858692
475,649,20,0.9297682852744183
485,493,20,0.7470113024894615
489,628,20,0.554139759808364
496,628,20,0.9426265894705284
513,628,20,0.8853704471144876
517,567,20,0.6731014591952371
517,591,20,0.3610932511704403
549,661,20,0.5756982566286557
564,628,20,0.6729689760391147
567,628,20,0.9800791105253248
576,649,20,0.9748527995239762
591,614,20,0.9052875654157824
591,628,20,0.5344323179682419
614,619,20,0.8568570261417285
614,628,20,0.8084578658385543
614,649,20,0.958576370818174
619,651,20,0.5744689920278699
628,660,20,0.9427739973639928
633,661,20,0.7681275023950727
3,593,21,0.9598727177523556
6,104,21,0.6404449509556568
6,377,21,0.5036817679602194
7,272,21,0.8011177818905862
7,357,21,0.6483534484091144
22,52,21,0.7265108006811754
23,129,21,0.6730570431585798
23,372,21,0.4588762049563394
23,410,21,0.9463837518616214
23,411,21,0.8875140317382604
23,575,21,0.9442475430113836
23,585,21,0.8669627762725777
23,652,21,0.6342016513007628
24,66,21,0.525846340921085
24,628,21,0.6564231710061125
28,39,21,0.7678550892446052
29,485,21,0.8609434983938948
39,99,21,0.748837442644225
39,220,21,0.3774519182674422
42,129,21,0.4255372940903486
42,593,21,0.4333007985801019
53,66,21,0.8458515404991256
53,104,21,0.8083500483239208
53,355,21,0.5552768622303138
53,370,21,0.9749461717746823
53,377,21,0.8914414453459586
53,413,21,0.863763185753285
53,628,21,0.9785405089342092
62,123,21,0.9712052323110364
66,97,21,0.3784040471173636
66,372,21,0.3400735932597422
66,447,21,0.6809631164688903
66,505,21,0.9235792781431668
66,567,21,0.7969483993444554
66,605,21,0.6333996776484471
79,272,21,0.7480747900190636
79,652,21,0.5757590672861795
90,410,21,0.9800972911744216
97,290,21,0.5360300185095339
97,355,21,0.4596857845620586
97,370,21,0.5574772357907818
97,413,21,0.6731999695712537
97,628,21,0.574303414310447
104,186,21,0.82045928889817
104,195,21,0.652875939698958
104,223,21,0.7525130151069621
104,255,21,0.5527558732577924
104,269,21,0.6707073517581318
104,337,21,0.9701954038353232
104,363,21,0.654105751427524
104,372,21,0.4351915755307496
104,388,21,0.9651950640121398
104,394,21,0.9328451828079942
104,401,21,0.6316342062520413
104,420,21,0.5397215443404454
104,459,21,0.6179249881162349
104,478,21,0.9020407377494378
104,505,21,0.924481439928211
104,567,21,0.7443432957173911
104,628,21,0.8383163652508474
116,357,21,0.8845164097643772
123,129,21,0.6719815902684891
123,220,21,0.6687523926864003
123,401,21,0.725481895913792
123,482,21,0.6173415755546332
123,648,21,0.6376838253791084
123,679,21,0.9504646719610548
129,176,21,0.6356829257809746
129,220,21,0.4553225597846302
129,237,21,0.4427420136914197
129,261,21,0.6725917630937579
129,358,21,0.6013991932784619
129,372,21,0.3220929531364441
129,391,21,0.6723778397690755
129,406,21,0.6139503510830588
129,410,21,0.6462958920830949
129,411,21,0.6035902540873141
129,437,21,0.6723190254434214
129,461,21,0.4605542534200056
129,575,21,0.6447184460422452
129,583,21,0.6726598102585154
129,585,21,0.5888926018445706
129,593,21,0.6003424200859795
129,648,21,0.4461250706064059
129,652,21,0.4323246265468701
165,413,21,0.9763199482808944
177,461,21,0.6381697610998512
177,532,21,0.934649564002824
179,290,21,0.5677429723169198
179,628,21,0.5384869658398213
182,485,21,0.9548844743671742
192,652,21,0.3737515200440878
193,628,21,0.7617338006307754
201,627,21,0.9395070044497428
204,410,21,0.8084614651930786
208,410,21,0.5824236193377001
208,416,21,0.8469604000452139
208,575,21,0.5885000128976856
208,585,21,0.7308293502295007
212,628,21,0.7877157634642887
218,272,21,0.9747973051446404
218,410,21,0.9797848345843608
220,261,21,0.6672837152698499
220,272,21,0.6251409536323637
220,286,21,0.3871772666265229
220,357,21,0.5416332853693232
220,372,21,0.3749873180967542
220,410,21,0.6035648098522064
220,461,21,0.4606987604211035
220,575,21,0.6010827135399855
220,585,21,0.5230259431442955
220,593,21,0.5380627525337978
220,652,21,0.397116724001801
252,372,21,0.2759899860988247
255,628,21,0.8920967324732662
261,648,21,0.6413950185702969
272,274,21,0.9451956294308216
272,285,21,0.6656410402172189
272,308,21,0.7802751634017498
272,330,21,0.9492655106255476
272,419,21,0.8615889764288509
272,586,21,0.9728404027247652
272,644,21,0.864942275697153
272,652,21,0.6648466440319568
272,671,21,0.8544041007927772
272,690,21,0.9606621757343076
272,693,21,0.9776449382731994
279,357,21,0.9304649028677854
285,652,21,0.4623862903543544
286,648,21,0.45805830208942
287,410,21,0.9323000190044952
290,387,21,0.8207747436676601
290,426,21,0.930190814748298
290,487,21,0.8972240298982366
290,567,21,0.5259961580987446
290,601,21,0.6364466875389773
308,652,21,0.4653194369760737
318,628,21,0.9800999997385048
321,372,21,0.6398844331417519
328,410,21,0.7247481996688989
334,593,21,0.9760784907252208
337,372,21,0.5036288017866815
349,370,21,0.8943404461030785
355,363,21,0.5949534240401041
355,403,21,0.6708664309775803
355,478,21,0.468975563726408
355,505,21,0.4374837248821508
355,567,21,0.5928465190940954
355,628,21,0.5329307753817593
355,660,21,0.6729872221726568
357,494,21,0.8833018811413725
357,617,21,0.7710429097988235
357,640,21,0.8724053527742818
357,644,21,0.7278229088319115
357,648,21,0.6401143447292245
357,671,21,0.7143025808937049
357,690,21,0.9404950118774889
357,693,21,0.9331102735620698
358,575,21,0.7117698125242715
363,628,21,0.9095860917025376
366,370,21,0.6736046192368601
367,377,21,0.9777774449052684
370,376,21,0.7871854188733002
370,505,21,0.9675952792241808
370,567,21,0.958588003436594
372,391,21,0.4444924349312356
372,455,21,0.573986667293097
372,461,21,0.3504209580883376
372,482,21,0.4374827695941143
372,583,21,0.4492072418664924
373,627,21,0.9792178998098386
373,633,21,0.9740537335625332
376,628,21,0.813299690742303
377,413,21,0.59313634854112
377,467,21,0.7229208970291238
377,498,21,0.4233955015371929
377,580,21,0.9031877479780992
377,653,21,0.6909094208815584
388,628,21,0.7373516605065035
391,461,21,0.6667250633038586
405,481,21,0.624054786579318
410,420,21,0.5587985772838461
410,437,21,0.9537282979074052
410,648,21,0.6730961450160289
411,648,21,0.660743902902908
413,485,21,0.9124759265056844
413,567,21,0.9083984025817172
416,573,21,0.6503845474290286
424,628,21,0.6984941694921597
428,627,21,0.8040995979020154
428,633,21,0.7089216577023597
437,585,21,0.8805241229218628
437,652,21,0.640804150415398
461,481,21,0.6294406649687069
461,633,21,0.5513505732650156
461,648,21,0.4334903756905448
478,628,21,0.970125728439409
485,559,21,0.9595822814782984
485,611,21,0.9206799703735656
496,628,21,0.8216538226208978
505,628,21,0.9593597947394032
567,628,21,0.9669931198832926
573,585,21,0.4343560899877446
575,583,21,0.9491785028058916
575,648,21,0.6729755930564214
575,693,21,0.9799718768032124
583,585,21,0.8756914003803715
585,648,21,0.6539460707994067
593,648,21,0.6593163919534001
627,633,21,0.968566405222722
628,660,21,0.7906941299303228
644,652,21,0.5370082559225121
648,652,21,0.46024628848363
652,671,21,0.5277830535983787
652,693,21,0.6706595997616162
3,517,22,0.6664270227927269
3,593,22,0.8036443131857199
6,104,22,0.9351643882599172
6,628,22,0.6376934137664246
18,686,22,0.8420803130063786
23,66,22,0.6633154834134869
23,104,22,0.495639588777548
23,410,22,0.7753331450858834
23,566,22,0.5292156230929196
23,585,22,0.744217310791425
23,628,22,0.481657794288789
23,652,22,0.7212549462332637
25,33,22,0.7488721930137932
25,208,22,0.8928811612394896
25,237,22,0.9369790042312516
25,290,22,0.939335490715797
25,411,22,0.919011857835334
25,575,22,0.922552066770119
25,632,22,0.7537161002770059
25,648,22,0.5527570520526203
25,662,22,0.4524193144535002
25,693,22,0.544192449206112
30,33,22,0.8189224617880474
30,117,22,0.6730065187616877
30,317,22,0.9761780609706828
30,416,22,0.9650009436790558
30,517,22,0.582484909777398
30,566,22,0.3447487286682958
30,575,22,0.601125333728409
30,585,22,0.5370024278197104
30,662,22,0.6408480541580637
32,117,22,0.3791835169524247
33,117,22,0.5699463519087318
33,218,22,0.7410576919928561
33,317,22,0.77431152164844
45,104,22,0.9418113942178274
48,652,22,0.6623500581204068
52,258,22,0.8395136463561544
52,279,22,0.6285599771742361
52,357,22,0.8800416793542878
52,557,22,0.9061312211138614
52,686,22,0.940321289760916
52,690,22,0.9787022220617791
52,693,22,0.5798718010374319
62,104,22,0.5834858172558233
62,123,22,0.6188135722405074
62,628,22,0.4474391894702617
66,220,22,0.4621925477796338
66,302,22,0.3539993177731147
66,391,22,0.6346033827569143
66,566,22,0.3093689394632811
66,567,22,0.6163732850081165
66,583,22,0.6587558260765745
67,117,22,0.672878926711469
67,317,22,0.9767600346685814
67,566,22,0.3487361668808942
67,662,22,0.6394079762571464
72,117,22,0.3539621537851123
72,585,22,0.6398843542875433
73,138,22,0.9589843735760905
83,117,22,0.3657680717167728
90,410,22,0.9560639685024702
91,139,22,0.6353132942896308
104,123,22,0.973346985299177
104,194,22,0.5664119850978465
104,195,22,0.5940774726673997
104,220,22,0.4498025035546928
104,255,22,0.8582912685760317
104,337,22,0.9798488141881396
104,394,22,0.8545543282712459
104,403,22,0.8005262772688134
104,406,22,0.7860077427316453
104,407,22,0.7854454342320772
104,420,22,0.7214305709831456
104,423,22,0.9800773234643412
104,424,22,0.6469816460259373
104,478,22,0.9796639634124764
104,532,22,0.525697150575169
104,567,22,0.8803019880568641
104,628,22,0.6493273156751748
104,660,22,0.5397646631390918
115,648,22,0.4574769273861525
117,132,22,0.6731999354937845
117,204,22,0.6095981563834582
117,209,22,0.4950843816902029
117,229,22,0.4432820147629798
117,237,22,0.3661821683543586
117,279,22,0.6717633276654862
117,281,22,0.5623870843177741
117,317,22,0.6688710860892093
117,325,22,0.611648410794035
117,362,22,0.4944599271015295
117,396,22,0.3645225413454691
117,431,22,0.6723480064761167
117,481,22,0.4282978502384024
117,564,22,0.5159145301328547
117,575,22,0.4255224674955891
117,585,22,0.3552432646893035
117,616,22,0.3554616944149463
117,632,22,0.5669738713451006
117,648,22,0.3970185765021151
117,658,22,0.502102656935168
117,662,22,0.4434471154693754
117,678,22,0.3470863400747476
117,683,22,0.4045579137854819
117,684,22,0.4534355761513258
119,566,22,0.6676598127608122
123,220,22,0.5053993444759337
123,478,22,0.9694883059463734
123,628,22,0.6656758362836301
130,628,22,0.3394494225360602
132,686,22,0.8491267232770591
137,208,22,0.4811355426867632
137,218,22,0.5629906512685784
137,290,22,0.5800923846897751
137,396,22,0.6800044971331808
137,564,22,0.6151997362502798
137,587,22,0.521468245789585
138,281,22,0.9636351914597624
138,314,22,0.6161945529324407
138,317,22,0.9405848114405372
138,431,22,0.92132420207858
138,566,22,0.5323394476883305
138,648,22,0.3988656590739328
139,222,22,0.6544475932102456
139,578,22,0.7025661689048485
146,272,22,0.5820477415993418
146,652,22,0.8237795695835617
177,532,22,0.7619373805832449
187,272,22,0.5478416705395043
195,566,22,0.4751217797946432
204,410,22,0.7936686226619386
207,566,22,0.4916690115130774
208,575,22,0.8860931309697261
208,662,22,0.3804533821523417
209,416,22,0.8382232615736573
210,566,22,0.4592361545894015
218,290,22,0.9798738998492046
220,261,22,0.6731764733433896
220,272,22,0.5620076230716111
220,410,22,0.439342463016507
220,566,22,0.298936956650005
220,585,22,0.4131485095031085
220,593,22,0.4140494612421017
220,628,22,0.3888047209029091
220,652,22,0.394140400031465
237,290,22,0.9710066866858644
237,662,22,0.511245563179339
246,686,22,0.8039040727550427
255,628,22,0.6544184618995732
261,566,22,0.4309080105759206
272,274,22,0.9800231007601864
272,285,22,0.7008363396517298
272,330,22,0.8178092281047931
272,365,22,0.6728766342052681
272,419,22,0.6912456720315093
272,556,22,0.6711434211560984
272,557,22,0.9702687654901748
272,566,22,0.6460727115671256
272,586,22,0.9799641227604932
272,644,22,0.6388581833330726
272,652,22,0.916454841704448
272,671,22,0.5343149222859864
272,690,22,0.8696413104034822
276,686,22,0.5061994471048853
279,357,22,0.8954061612365319
279,686,22,0.8151158276446692
281,317,22,0.8744990396852403
281,431,22,0.8448277477516706
285,652,22,0.8776542117448066
286,648,22,0.6388800280822078
286,662,22,0.6426195293297786
287,410,22,0.946462735926074
290,648,22,0.5579854395305303
290,662,22,0.4469792055082918
302,357,22,0.447981095796569
302,566,22,0.4579404579457877
317,362,22,0.7905522519053875
317,481,22,0.7051561682630314
317,517,22,0.6103171175551836
317,564,22,0.8175688078833152
317,566,22,0.3950457704701631
317,575,22,0.5295372225192855
317,584,22,0.701177227418971
317,585,22,0.608128006569586
317,632,22,0.7691040582208922
317,648,22,0.5352214175232956
317,662,22,0.6198568035714082
328,410,22,0.6651519246059218
334,517,22,0.6731940567129157
334,593,22,0.8767890855247096
357,494,22,0.7007433410396756
357,529,22,0.8972538812557808
357,566,22,0.5132818726715259
357,640,22,0.5365361335214623
357,648,22,0.4228351181780793
357,662,22,0.5396744713742742
357,690,22,0.8557539661329132
357,693,22,0.8684822440779985
360,686,22,0.973631614732728
368,686,22,0.4986239059224238
373,633,22,0.8813834242209304
391,566,22,0.5915605446709173
391,628,22,0.3958588332602914
410,420,22,0.5658799010511865
410,437,22,0.7919338349537076
410,566,22,0.673178133442869
411,648,22,0.4888200843593964
416,566,22,0.4405429786612644
416,584,22,0.7575720972881502
416,587,22,0.8002587487621494
416,648,22,0.4980489002632293
416,662,22,0.5949232170125924
420,628,22,0.5982307956417727
424,628,22,0.5621035232911517
428,633,22,0.9724664807633632
431,566,22,0.359858059868936
431,662,22,0.6351954195473957
437,585,22,0.7619081301667145
437,628,22,0.4682015619186554
437,652,22,0.7396841729456345
478,628,22,0.6437388020736907
486,686,22,0.7933231058535855
487,585,22,0.8049235647613732
496,628,22,0.657518579532415
497,686,22,0.7013859571403813
517,566,22,0.4040051167631755
517,593,22,0.6009695111105186
517,662,22,0.3098623284358066
517,665,22,0.5047667130637375
532,566,22,0.5139252715464547
538,566,22,0.6324886598124363
556,652,22,0.646200111733682
557,652,22,0.9563479939248976
557,686,22,0.7640191009351367
564,566,22,0.6301640959537278
564,662,22,0.3722209774616689
566,573,22,0.5520596185906871
566,583,22,0.5438286056771289
566,585,22,0.6725999313620471
566,587,22,0.6535923323047864
566,593,22,0.6726471657341091
566,652,22,0.6711787195422538
566,686,22,0.5795487801927224
566,687,22,0.4930636548816813
567,628,22,0.6613272488205213
573,585,22,0.7823998268279249
573,628,22,0.4047241223941177
575,648,22,0.632778545877782
575,662,22,0.555901597326395
575,693,22,0.7117035207061637
583,585,22,0.7666586258490079
583,628,22,0.4644423560761631
585,637,22,0.6581217038579783
608,684,22,0.8990618212948551
617,628,22,0.4522582714848228
628,671,22,0.6645237817176312
628,679,22,0.350487419873603
633,661,22,0.9366602600263996
636,686,22,0.9691231330016258
641,686,22,0.7669045719788757
648,662,22,0.4479157812079884
648,682,22,0.6662027886630153
686,690,22,0.9242242781139038
686,693,22,0.7791626823858583
4,633,23,0.9405
6,357,23,0.646
25,33,23,0.9801
25,97,23,0.9405
25,104,23,0.9801
25,150,23,0.9801
25,168,23,0.9801
25,196,23,0.6732
25,208,23,0.9801
25,237,23,0.9801
25,271,23,0.9801
25,273,23,0.9801
25,290,23,0.9801
25,363,23,0.6732
25,411,23,0.9801
25,452,23,0.9801
25,505,23,0.9801
25,570,23,0.9801
25,575,23,0.9801
25,632,23,0.9801
25,648,23,0.6732
25,651,23,0.6732
25,660,23,0.9801
29,485,23,0.9801
30,117,23,0.6732
30,317,23,0.9801
30,416,23,0.9801
30,662,23,0.6732
32,168,23,0.9801
33,97,23,0.9405
33,104,23,0.9801
33,168,23,0.9801
33,218,23,0.9801
33,505,23,0.9801
45,104,23,0.9801
55,112,23,0.9801
55,413,23,0.9801
64,104,23,0.9801
67,117,23,0.4624000000000001
67,317,23,0.6732
67,662,23,0.4624000000000001
69,115,23,0.6732
69,342,23,0.9801
69,476,23,0.6732
69,614,23,0.9405
69,648,23,0.6732
73,138,23,0.9801
80,117,23,0.6732
80,317,23,0.9801
91,139,23,0.9801
93,262,23,0.9801
97,104,23,0.9405
97,161,23,0.9405
97,168,23,0.9405
97,290,23,0.9405
97,411,23,0.9405
97,413,23,0.9405
97,575,23,0.9405
100,117,23,0.646
104,144,23,0.9801
104,150,23,0.9801
104,194,23,0.9801
104,196,23,0.6732
104,208,23,0.9801
104,212,23,0.9801
104,218,23,0.9801
104,237,23,0.9801
104,269,23,0.9801
104,271,23,0.9801
104,273,23,0.9801
104,312,23,0.9801
104,363,23,0.6732
104,388,23,0.9801
104,396,23,0.9801
104,423,23,0.9801
104,478,23,0.9801
104,505,23,0.9801
104,616,23,0.9801
104,632,23,0.9801
104,648,23,0.6732
104,651,23,0.6732
104,660,23,0.9801
104,678,23,0.9801
104,684,23,0.9801
112,126,23,0.9405
112,308,23,0.9405
112,413,23,0.9801
112,485,23,0.9801
112,614,23,0.9405
115,648,23,0.4624000000000001
117,123,23,0.6732
117,130,23,0.646
117,176,23,0.4624000000000001
117,204,23,0.6732
117,209,23,0.646
117,229,23,0.4624000000000001
117,279,23,0.6732
117,281,23,0.646
117,317,23,0.6732
117,325,23,0.6732
117,337,23,0.6732
117,391,23,0.6732
117,481,23,0.6732
117,530,23,0.4624000000000001
117,583,23,0.646
117,644,23,0.646
117,662,23,0.4624000000000001
117,671,23,0.6732
117,683,23,0.6732
126,168,23,0.9405
126,413,23,0.9405
126,575,23,0.9405
128,290,23,0.6732
138,281,23,0.9405
138,317,23,0.9801
138,583,23,0.9405
139,578,23,0.9405
143,413,23,0.9801
161,648,23,0.6732
161,651,23,0.6732
168,190,23,0.9801
168,192,23,0.9801
168,208,23,0.9801
168,237,23,0.9801
168,269,23,0.9801
168,271,23,0.9801
168,273,23,0.9801
168,290,23,0.9801
168,313,23,0.9801
168,363,23,0.6732
168,386,23,0.9801
168,411,23,0.9801
168,478,23,0.9801
168,503,23,0.9405
168,505,23,0.9801
168,547,23,0.9405
168,575,23,0.9801
168,612,23,0.9801
168,616,23,0.9801
168,648,23,0.6732
168,651,23,0.6732
168,660,23,0.9801
168,672,23,0.9801
168,678,23,0.9801
168,684,23,0.9801
176,662,23,0.4624000000000001
181,290,23,0.9801
192,413,23,0.9801
196,290,23,0.6732
204,410,23,0.9801
208,575,23,0.9801
209,416,23,0.9405
216,290,23,0.9801
218,290,23,0.9801
237,290,23,0.9801
250,662,23,0.4624000000000001
257,290,23,0.9405
271,290,23,0.9801
271,575,23,0.9801
273,575,23,0.9801
279,357,23,0.9405
281,317,23,0.9405
286,648,23,0.646
290,379,23,0.9801
290,386,23,0.9801
290,387,23,0.9801
290,452,23,0.9801
290,505,23,0.9801
290,648,23,0.6732
296,677,23,0.9801
308,413,23,0.9405
308,485,23,0.9405
317,481,23,0.9801
317,530,23,0.6732
317,583,23,0.9405
317,662,23,0.6732
317,671,23,0.9801
318,561,23,0.9801
354,485,23,0.9801
357,529,23,0.9405
357,535,23,0.646
357,617,23,0.646
357,640,23,0.646
357,644,23,0.9025
357,662,23,0.646
357,671,23,0.9405
357,690,23,0.9025
357,693,23,0.9405
373,633,23,0.9405
391,662,23,0.6732
411,505,23,0.9801
411,648,23,0.6732
413,485,23,0.9801
413,648,23,0.6732
416,662,23,0.6732
416,689,23,0.9801
428,633,23,0.9405
485,546,23,0.9801
505,575,23,0.9801
535,662,23,0.4624000000000001
537,662,23,0.4624000000000001
561,607,23,0.9801
575,648,23,0.6732
575,651,23,0.6732
583,662,23,0.646
608,684,23,0.9801
633,662,23,0.646
648,682,23,0.6732
6,357,24,0.9025
17,317,24,0.9405
23,60,24,0.9801
23,290,24,0.9801
23,317,24,0.9801
23,372,24,0.9801
23,410,24,0.9801
23,413,24,0.9801
23,416,24,0.9801
23,585,24,0.9801
30,60,24,0.9801
30,290,24,0.9801
30,317,24,0.9801
30,372,24,0.9801
30,416,24,0.9801
30,585,24,0.9801
38,317,24,0.9801
39,46,24,0.6732
39,126,24,0.9801
39,204,24,0.9801
39,313,24,0.9801
39,547,24,0.9801
39,612,24,0.9801
40,117,24,0.646
42,60,24,0.9801
42,290,24,0.9801
42,317,24,0.9801
48,309,24,0.9405
48,462,24,0.9025
49,540,24,0.646
52,357,24,0.9405
52,367,24,0.9801
52,419,24,0.9801
52,557,24,0.9801
52,644,24,0.9801
52,671,24,0.9801
52,690,24,0.9801
52,693,24,0.9801
53,117,24,0.6732
53,168,24,0.9801
53,347,24,0.6732
53,408,24,0.6732
53,467,24,0.9801
53,517,24,0.9801
53,524,24,0.6732
53,575,24,0.9801
53,682,24,0.6732
53,684,24,0.9801
55,413,24,0.9801
60,97,24,0.9405
60,317,24,0.9801
60,532,24,0.9801
60,660,24,0.9801
64,317,24,0.9801
67,317,24,0.9801
67,372,24,0.9801
74,681,24,0.9801
83,117,24,0.6732
85,416,24,0.6732
90,317,24,0.9405
90,410,24,0.9405
91,139,24,0.646
94,565,24,0.9405
97,290,24,0.9405
97,317,24,0.9405
97,410,24,0.9405
97,413,24,0.9405
97,416,24,0.9405
97,585,24,0.9405
100,117,24,0.6732
110,272,24,0.9801
113,117,24,0.6732
113,168,24,0.9801
116,357,24,0.9405
117,164,24,0.6732
117,183,24,0.6732
117,209,24,0.6732
117,234,24,0.6732
117,251,24,0.6732
117,358,24,0.6732
117,376,24,0.6732
117,381,24,0.6732
117,387,24,0.6732
117,409,24,0.6732
117,414,24,0.6732
117,575,24,0.6732
117,603,24,0.646
117,613,24,0.6732
117,684,24,0.6732
126,272,24,0.9801
126,357,24,0.9405
126,413,24,0.9801
137,196,24,0.9405
137,240,24,0.646
137,290,24,0.9405
137,311,24,0.9405
137,487,24,0.9405
137,564,24,0.9405
137,565,24,0.9025
139,222,24,0.6732
149,168,24,0.9801
149,347,24,0.6732
149,524,24,0.6732
150,372,24,0.9801
164,347,24,0.6732
164,524,24,0.6732
165,413,24,0.9801
168,183,24,0.9801
168,376,24,0.9801
168,382,24,0.9801
168,414,24,0.9801
168,540,24,0.6732
168,575,24,0.9801
168,613,24,0.9801
168,684,24,0.9801
177,532,24,0.9801
183,347,24,0.6732
183,575,24,0.9801
196,290,24,0.9801
196,317,24,0.9801
196,416,24,0.9801
196,585,24,0.9801
204,372,24,0.9801
204,410,24,0.9801
234,524,24,0.6732
236,290,24,0.9801
240,290,24,0.6732
240,317,24,0.6732
240,357,24,0.646
240,372,24,0.6732
240,416,24,0.6732
252,372,24,0.6732
257,290,24,0.9801
272,274,24,0.9801
272,285,24,0.9405
272,307,24,0.9801
272,308,24,0.9801
272,336,24,0.9801
272,365,24,0.9405
272,419,24,0.9801
272,557,24,0.9801
272,565,24,0.9405
272,614,24,0.9801
272,644,24,0.9801
272,671,24,0.9801
272,690,24,0.9801
272,693,24,0.9801
272,695,24,0.9801
281,317,24,0.9801
290,317,24,0.9801
290,372,24,0.9801
290,487,24,0.9801
290,564,24,0.9801
290,671,24,0.9801
296,391,24,0.9405
296,535,24,0.9801
296,677,24,0.9405
308,413,24,0.9801
317,340,24,0.9801
317,363,24,0.6732
317,372,24,0.9801
317,481,24,0.9801
317,482,24,0.9405
317,487,24,0.9801
317,564,24,0.9801
317,565,24,0.9405
317,585,24,0.9801
317,660,24,0.9801
317,671,24,0.9801
317,678,24,0.9801
328,410,24,0.9801
329,681,24,0.9405
339,681,24,0.9801
340,372,24,0.9801
347,382,24,0.6732
347,509,24,0.4624000000000001
353,540,24,0.6732
357,494,24,0.9405
357,529,24,0.9405
357,535,24,0.9405
357,614,24,0.9405
357,617,24,0.9405
357,640,24,0.646
357,644,24,0.9405
357,653,24,0.9405
357,671,24,0.9405
357,690,24,0.9405
357,693,24,0.9405
358,575,24,0.9801
359,540,24,0.6732
363,372,24,0.6732
363,416,24,0.6732
364,413,24,0.9405
372,391,24,0.9405
372,482,24,0.9405
372,494,24,0.9801
372,616,24,0.9801
372,640,24,0.6732
372,660,24,0.9801
372,666,24,0.6732
382,524,24,0.6732
385,540,24,0.6732
410,565,24,0.9405
410,660,24,0.9801
413,622,24,0.9801
414,517,24,0.9801
416,565,24,0.9405
416,689,24,0.9801
487,585,24,0.9801
492,540,24,0.6732
540,586,24,0.6732
565,585,24,0.9405
644,681,24,0.9801
681,690,24,0.9801
681,693,24,0.9801
7,53,25,0.9096018061127106
7,692,25,0.5314856065295768
8,652,25,0.560990940158933
16,652,25,0.9696081851833998
17,317,25,0.6004445224502565
24,66,25,0.901969773499031
24,129,25,0.3337394101831123
24,461,25,0.916061176125378
24,540,25,0.6714056373549181
24,566,25,0.5754017274162083
32,66,25,0.8344903569944039
32,117,25,0.5094458485869653
32,168,25,0.761587390747407
32,347,25,0.9800674094205506
32,566,25,0.6726127183939612
33,504,25,0.9546452120200694
33,505,25,0.8730361347008114
33,566,25,0.5022514994252654
34,652,25,0.5860597465122558
38,117,25,0.4570618046229846
38,129,25,0.35077591141464
38,168,25,0.6423346191874034
38,317,25,0.9798010382235248
39,46,25,0.6696211569838554
39,53,25,0.50842999272764
39,126,25,0.5620703240229947
39,148,25,0.5421027072537534
39,168,25,0.732090709967995
39,547,25,0.5283845830400575
39,612,25,0.8659850140846284
44,147,25,0.6153800544541151
49,540,25,0.9050520385907468
53,66,25,0.6121012662408752
53,79,25,0.5436165635759658
53,117,25,0.6369380200723141
53,121,25,0.6384909788073563
53,129,25,0.6673889579966757
53,168,25,0.9368800550692992
53,347,25,0.9061653465092512
53,461,25,0.7694757944083782
53,467,25,0.813399550802961
53,504,25,0.5900304205547328
53,517,25,0.9244753664215368
53,566,25,0.6134432513943621
53,575,25,0.977764465685218
53,625,25,0.7127012514330315
53,652,25,0.8920784066465481
53,682,25,0.9577779275736062
53,684,25,0.6219944802415445
53,692,25,0.339384244505282
53,693,25,0.5818167576232507
56,295,25,0.6665249681889315
56,347,25,0.6006181764738115
56,370,25,0.962878972751752
56,566,25,0.4301935705853961
57,692,25,0.4341154923350928
58,138,25,0.9231401005548776
58,162,25,0.9138077679755996
62,117,25,0.4453952140369285
62,168,25,0.6713645155080445
66,129,25,0.3525004479034089
66,295,25,0.8498710444281602
66,341,25,0.8922901080861819
66,379,25,0.6963593282507441
66,461,25,0.9228234905198992
66,505,25,0.9251843273519617
66,566,25,0.5851279980317028
66,583,25,0.6121107878724658
72,117,25,0.5869557766660511
72,370,25,0.5841160861464327
74,681,25,0.944952829196658
76,295,25,0.5197796568022643
78,138,25,0.8827766683834246
78,162,25,0.8667858241093082
79,652,25,0.83257493045959
79,692,25,0.6720060496019347
81,370,25,0.6531344341117548
88,145,25,0.622005047456442
88,295,25,0.7380328568515108
88,327,25,0.798889997996213
88,412,25,0.9784928717840736
88,461,25,0.8507739808254398
88,524,25,0.947775731607178
88,566,25,0.4865871498155049
100,117,25,0.622802551969169
111,652,25,0.7408708511389984
113,117,25,0.6599504033408194
113,168,25,0.9542091295841844
113,566,25,0.3899628751520365
117,129,25,0.4533449296309706
117,132,25,0.4544488781688662
117,164,25,0.6340420262444693
117,183,25,0.6731994498999193
117,186,25,0.3898035268491057
117,209,25,0.6697712582780685
117,219,25,0.3922819373114357
117,234,25,0.6422333594255085
117,251,25,0.5705984014819537
117,281,25,0.4702194186748547
117,295,25,0.4270051377959019
117,298,25,0.629537720861802
117,299,25,0.3402515282381423
117,317,25,0.4447153621051867
117,325,25,0.4662738442790596
117,327,25,0.4188278387805145
117,358,25,0.5873827225603763
117,376,25,0.6639633294239751
117,381,25,0.5966631465242467
117,386,25,0.6627784099341955
117,387,25,0.673065876663587
117,388,25,0.4079183561460218
117,393,25,0.4759692602908849
117,396,25,0.4953229145848028
117,409,25,0.5487931443129166
117,414,25,0.6710025506146665
117,436,25,0.368394713633399
117,461,25,0.3650593740900192
117,505,25,0.3574074839456622
117,564,25,0.2810281175246115
117,565,25,0.3441291333555631
117,566,25,0.3369939620820009
117,575,25,0.620381939676107
117,603,25,0.5561640451685083
117,613,25,0.6111753372639439
117,658,25,0.4897867754976954
117,672,25,0.5534518224572409
117,684,25,0.5726628980480049
118,147,25,0.5890335797982096
118,692,25,0.2789554095295369
120,370,25,0.9717283432592032
121,129,25,0.3678104029431107
121,298,25,0.6622597813628611
121,344,25,0.9387820331098352
121,505,25,0.964285247186232
121,566,25,0.610001396921149
121,583,25,0.6377051623076965
121,597,25,0.6690775708588615
121,680,25,0.5518709855340754
129,168,25,0.6638799975913813
129,183,25,0.6598468616784473
129,234,25,0.5899103440041673
129,295,25,0.5141057870096656
129,298,25,0.6641770887802835
129,327,25,0.5144187762615463
129,347,25,0.583413689344521
129,358,25,0.5111079831349454
129,382,25,0.6401831404330427
129,461,25,0.4692996193349201
129,505,25,0.4627558281338144
129,517,25,0.6588233753853115
129,540,25,0.6519169767488991
129,565,25,0.2765676331033086
129,566,25,0.3927473515981545
129,575,25,0.6597089985348665
129,652,25,0.5708943861793456
129,682,25,0.670918849626928
138,162,25,0.9015294271844992
138,185,25,0.8534647990350143
138,254,25,0.8647144097316799
138,295,25,0.675815137137072
138,461,25,0.7890038851400288
138,505,25,0.7958270651697544
138,515,25,0.8405657347252232
138,566,25,0.4412262110070301
138,583,25,0.6449884545497487
138,594,25,0.934201857351662
138,597,25,0.6223504321074285
138,670,25,0.6452911128463577
142,147,25,0.6828358793248926
145,524,25,0.6670777401967559
146,625,25,0.9732493890273964
146,652,25,0.9583122113256188
146,692,25,0.6189740682793735
147,172,25,0.8289018947094529
147,263,25,0.8336104689955897
147,516,25,0.6728105859053326
147,566,25,0.343296750097733
147,670,25,0.6499451832546922
147,685,25,0.8607719063335094
149,370,25,0.51835199618012
149,524,25,0.7603384672923137
161,566,25,0.5182396208783882
162,254,25,0.8809337716307629
164,317,25,0.8570809993556384
168,183,25,0.9795691633158256
168,219,25,0.5960242924748091
168,295,25,0.6436809027959054
168,298,25,0.9270570049286052
168,317,25,0.6238557613381567
168,327,25,0.6337295754291354
168,376,25,0.9610510667776808
168,382,25,0.9694007196632074
168,386,25,0.9698782809993024
168,414,25,0.9789147383377768
168,420,25,0.4398703143614557
168,461,25,0.5572645007077914
168,505,25,0.5463538985528833
168,540,25,0.8954318710509868
168,564,25,0.3920295434498128
168,565,25,0.4865382736277848
168,566,25,0.504958453583754
168,575,25,0.9147881655520494
168,613,25,0.8763567389403552
168,652,25,0.7335200958352669
168,667,25,0.9221958816157378
168,672,25,0.8230067405301552
168,684,25,0.817014895706134
171,540,25,0.540992404915743
172,295,25,0.8129823442000473
183,295,25,0.6207665262852083
183,317,25,0.6483933576563413
183,347,25,0.7356163666320209
183,566,25,0.4900338707526722
183,575,25,0.9027158852293472
186,524,25,0.6675862312669005
211,295,25,0.765027499248679
232,295,25,0.8870692070649248
235,295,25,0.6232445227924706
237,370,25,0.9787063505854344
238,681,25,0.5497686902666007
261,295,25,0.6575320047777635
261,505,25,0.789550919587281
261,566,25,0.4231837739072018
267,625,25,0.8943016241025965
281,317,25,0.9787924538054548
281,417,25,0.9393141704508302
295,347,25,0.9328026831367296
295,370,25,0.7786533977805989
295,420,25,0.6454380302757303
295,434,25,0.7846101217964337
295,461,25,0.9300783465239556
295,504,25,0.8641017827991768
295,505,25,0.9281132941662624
295,517,25,0.6154280040975558
295,566,25,0.643123221671887
295,575,25,0.8469179629685
295,583,25,0.5069344015097492
295,594,25,0.7715710080990112
295,597,25,0.5808188107332549
295,652,25,0.936532764580028
295,670,25,0.5032627061488008
295,682,25,0.6990988596141199
298,347,25,0.9177947569082494
298,566,25,0.6221093118649548
298,625,25,0.7341361605206975
299,566,25,0.6457244970482603
317,358,25,0.9244092113805684
317,372,25,0.8424106627706329
317,382,25,0.7284335064181465
317,517,25,0.653910052425749
317,564,25,0.6716267272976637
317,565,25,0.6685379703346628
317,660,25,0.6109040773236043
327,347,25,0.9644930616727408
327,524,25,0.6279278152580678
327,566,25,0.6661277272331876
334,517,25,0.9793481195753192
341,461,25,0.9721586857352528
344,347,25,0.7092034583887209
344,370,25,0.9793796221411284
344,524,25,0.938520628062367
344,566,25,0.5024722488348035
344,652,25,0.7331861186729302
347,349,25,0.7825878428034251
347,382,25,0.6564544401050847
347,393,25,0.9780370499096388
347,412,25,0.6440115040817078
347,505,25,0.9390334822433922
347,509,25,0.6285621567483399
347,566,25,0.672819617467474
347,583,25,0.470678565889935
347,587,25,0.8968458387976584
347,594,25,0.7259226610512551
347,597,25,0.5626954918413051
347,672,25,0.9736317872090844
349,370,25,0.977164893499178
349,524,25,0.899619040406701
353,540,25,0.975362285269848
358,575,25,0.6021384080548506
359,540,25,0.9796016413706438
368,575,25,0.9422828059672108
370,393,25,0.775141039069046
370,505,25,0.8896718930120058
370,566,25,0.5192770836975295
370,583,25,0.6714011014125408
370,594,25,0.9800133600705114
370,597,25,0.666392596016206
370,615,25,0.9237417213449102
370,625,25,0.91804775729978
370,665,25,0.978976590671719
370,680,25,0.737078922090343
372,494,25,0.7853599631023215
372,650,25,0.4177942018655257
372,660,25,0.8301927984781773
378,463,25,0.4130045345957023
379,524,25,0.9684683683482292
385,540,25,0.7343399961794247
393,524,25,0.5384101801972987
396,524,25,0.5039473050949919
408,566,25,0.5325116910281306
412,524,25,0.9605115613509516
412,566,25,0.4591583005413968
414,517,25,0.9761658167154588
414,625,25,0.5250087360515808
417,457,25,0.7755462094465012
420,682,25,0.4811927686977381
438,540,25,0.9061139977178267
452,524,25,0.7172857806479689
461,566,25,0.6533543335841567
464,668,25,0.4201549619485017
467,566,25,0.3544124816666503
467,693,25,0.8951045978565897
492,540,25,0.9712153352585968
492,692,25,0.4752466695442559
502,540,25,0.6593095189495407
504,505,25,0.9512178819709995
504,566,25,0.5907060922632539
505,517,25,0.5130062978705142
505,524,25,0.7079702215208431
505,566,25,0.6511095504168519
505,575,25,0.8020093021050818
505,625,25,0.9773305589616944
517,565,25,0.5049532311544985
517,566,25,0.486543731283925
524,566,25,0.3520460300030362
524,587,25,0.7867411475690869
524,637,25,0.8198838576348173
524,670,25,0.6525325481200311
524,680,25,0.9068869004905324
535,668,25,0.5920817487039302
540,566,25,0.642353877069681
540,586,25,0.9145946944024728
540,623,25,0.8948688177241199
540,668,25,0.4151850057068426
540,669,25,0.7244688750524128
556,652,25,0.5389923356340826
562,576,25,0.7928053582359704
566,575,25,0.6311123965362829
566,583,25,0.3342236650393626
566,587,25,0.624793546055145
566,594,25,0.5135347087974848
566,597,25,0.3948114420083882
566,625,25,0.6364208302751576
566,632,25,0.2378394428280705
566,652,25,0.6731978513168556
566,682,25,0.5406305467545452
566,692,25,0.3769031894035164
572,692,25,0.508398658295347
575,693,25,0.5294476994958839
583,625,25,0.6116716537139816
594,625,25,0.9134033660002736
594,652,25,0.7492449027754976
620,668,25,0.5364380281034004
652,664,25,0.614355956636396
652,692,25,0.5497102984206341
664,692,25,0.6269276290381508
681,693,25,0.7241429863952277
5,30,26,0.7446550625331564
5,94,26,0.6452507017577669
5,202,26,0.89873468464943
5,214,26,0.9295193573105424
5,310,26,0.9007484687169528
5,659,26,0.9349502984402333
5,676,26,0.7814984897350751
16,652,26,0.6225016922056287
18,686,26,0.5352720751457155
30,33,26,0.4989501582856753
30,60,26,0.7225147927374206
30,290,26,0.9252041781191548
30,524,26,0.7215458210962183
30,662,26,0.5296197554565104
33,218,26,0.5007090295594084
33,504,26,0.5175591699389736
33,505,26,0.9739823429406944
33,549,26,0.5376845542500168
35,290,26,0.8287855238719911
36,652,26,0.8032000204864453
37,147,26,0.7986629481182785
37,662,26,0.4130376769963793
53,66,26,0.654200132497941
53,79,26,0.9705853735525186
53,88,26,0.9601321225406352
53,204,26,0.5386579058772379
53,261,26,0.8983307277694855
53,290,26,0.5630360996664725
53,347,26,0.9284398328252312
53,370,26,0.5405923688299483
53,408,26,0.9559079897969968
53,504,26,0.6194573640752917
53,517,26,0.8929211751700739
53,524,26,0.8854493828656023
53,575,26,0.4167867494849437
53,625,26,0.8889202501032404
53,652,26,0.6412173310390997
53,662,26,0.5809153358012461
53,692,26,0.6465050213951058
56,347,26,0.6473121510874688
56,517,26,0.6258643991264127
56,662,26,0.6731856158370811
57,692,26,0.4606052357809246
58,162,26,0.9195989410338866
60,598,26,0.5266363776352546
60,679,26,0.8754426986062909
66,183,26,0.6719050075054691
66,505,26,0.6515647491952125
66,583,26,0.4062917406110949
66,662,26,0.3326273138776749
67,347,26,0.5859801075443226
67,619,26,0.7807436039978177
67,662,26,0.6713557949482979
70,662,26,0.3918690320235335
75,137,26,0.8381938030967286
75,290,26,0.5167577722926531
78,162,26,0.9073802451425635
79,652,26,0.5319591716113163
79,692,26,0.6141389779989336
83,290,26,0.8908676908026057
88,145,26,0.8064175800831691
88,183,26,0.9107962854079968
88,412,26,0.9694825058215932
88,524,26,0.951799175281654
88,662,26,0.6374014372691008
90,662,26,0.3645594012993131
93,262,26,0.608130077534107
94,214,26,0.8458848812716677
99,147,26,0.7654904500245818
102,378,26,0.6980112129627581
106,686,26,0.945803850586446
118,147,26,0.8823665808363184
118,692,26,0.4594029924667044
135,147,26,0.929402773197531
136,540,26,0.38408613955728
137,218,26,0.9453729317615868
137,290,26,0.8735596808050533
137,310,26,0.7020762888222386
137,401,26,0.7044567692858499
137,452,26,0.8312061111612358
137,573,26,0.6105930232153083
137,584,26,0.5099521499542379
145,290,26,0.918623428531643
145,524,26,0.8985950922441032
145,662,26,0.6314078651839665
146,625,26,0.8688464061869757
146,652,26,0.5954982020872732
146,692,26,0.6340525397687342
147,199,26,0.4834211592293068
147,263,26,0.5190830356005558
147,303,26,0.3598967700772638
147,398,26,0.7162031085009786
147,440,26,0.6603840005156199
147,495,26,0.5445723811719964
147,507,26,0.6731986812803665
147,533,26,0.9618950278874028
147,550,26,0.6674338523800788
147,619,26,0.8851707966046316
147,642,26,0.3568344256625693
147,670,26,0.5640062750224648
147,685,26,0.7307809825359548
149,290,26,0.9799190963887404
149,524,26,0.8431705099680535
162,254,26,0.9021600344893472
162,457,26,0.9375745999206336
164,290,26,0.5385564901115368
164,347,26,0.937497448092061
164,524,26,0.8723578238669423
168,219,26,0.4975465957889644
168,515,26,0.4022752754177098
183,347,26,0.9690924301464098
183,370,26,0.6754634649953083
183,575,26,0.5029631711146182
183,662,26,0.5123265764566889
188,290,26,0.9269101468294788
200,290,26,0.6065947763147491
218,290,26,0.9598552796233244
218,524,26,0.7372661551465881
236,290,26,0.8851051063034191
237,290,26,0.6785225802146279
237,662,26,0.6259066941623538
261,505,26,0.9045102221413608
277,290,26,0.9367036871270512
290,344,26,0.7488208199810462
290,412,26,0.8037227735434753
290,426,26,0.857750767803658
290,452,26,0.9763212922285052
290,453,26,0.6271388341670943
290,505,26,0.5758499249345779
290,524,26,0.8526145752300781
290,573,26,0.4156728461801214
290,583,26,0.5152219629958775
290,587,26,0.5360377964137938
290,594,26,0.6390850518349859
290,662,26,0.6121796608643683
290,663,26,0.6709205910060854
290,680,26,0.972973281890252
291,378,26,0.3777935748529341
291,686,26,0.6393707949501753
310,619,26,0.5030436142822131
313,692,26,0.4546344527804248
329,378,26,0.9283097142459504
344,347,26,0.8178243518605931
344,517,26,0.7882278740944613
344,524,26,0.9632812509447862
344,662,26,0.6484123173558612
347,349,26,0.8694176864107437
347,382,26,0.9585252347014026
347,412,26,0.7647698118276511
347,505,26,0.9232762314762236
347,583,26,0.5609838535257912
347,587,26,0.938371269555432
347,594,26,0.8931228616140015
347,660,26,0.7704052898077248
347,662,26,0.4413045734953143
349,524,26,0.9393465050194242
353,540,26,0.5002012498291097
359,540,26,0.6610603408864419
367,686,26,0.4464369617453166
370,505,26,0.5273905148278436
370,517,26,0.7388679972326322
370,625,26,0.7465304152202423
378,430,26,0.5613332363622903
378,463,26,0.964589065215931
378,558,26,0.9799950552224408
378,643,26,0.6433904326704595
382,524,26,0.8309078416597764
385,540,26,0.519319410087885
412,524,26,0.9758126862229058
438,540,26,0.6440883258610615
443,662,26,0.6464737773003276
452,524,26,0.8917317022009552
492,540,26,0.6090330735145121
492,692,26,0.6706747348307207
495,686,26,0.5967674291916806
501,686,26,0.562764274157706
504,505,26,0.6071771852702038
504,517,26,0.7932363524897528
505,517,26,0.8880617099897564
505,524,26,0.892085014657325
505,575,26,0.4082409488750723
505,625,26,0.8838712462295223
505,662,26,0.5863050566152462
517,583,26,0.5406927508613482
517,594,26,0.8596068763931607
517,625,26,0.9024204175927016
517,662,26,0.4267253219676784
517,665,26,0.8073640319502563
524,587,26,0.8709809689275175
524,637,26,0.8889904244755547
524,670,26,0.6634830550621051
524,680,26,0.9045998995289396
540,669,26,0.6727036776099926
540,670,26,0.2841391703870923
542,662,26,0.6010798998766773
549,662,26,0.5472279209497057
583,625,26,0.5359505802778534
583,662,26,0.4456254963762655
594,625,26,0.8544635582693082
594,652,26,0.5653386617893668
594,662,26,0.6115115651391002
612,692,26,0.4416685698337876
619,664,26,0.6642088713608918
625,662,26,0.4202470557721289
652,692,26,0.5649192763659521
659,662,26,0.3849634064404527
662,676,26,0.5483402586172299
662,692,26,0.3180398776761828
664,692,26,0.4796061337456612
5,202,27,0.599582661774165
5,310,27,0.5116511235230206
25,33,27,0.5760439957113673
25,138,27,0.9795578343751422
25,298,27,0.5767696422952092
25,310,27,0.7408678336433593
25,333,27,0.5751734796662531
25,370,27,0.929912489494973
25,575,27,0.9706878409963304
32,168,27,0.980094691553002
33,504,27,0.7276368839013088
38,168,27,0.6112959589731254
56,370,27,0.3622868526235567
60,594,27,0.9663107138896728
84,593,27,0.7154149068800644
88,202,27,0.3808681617823557
88,412,27,0.4436376131996589
106,370,27,0.8955239816806844
106,575,27,0.8082548148926659
106,652,27,0.8817879558920915
110,272,27,0.6101458609249302
113,168,27,0.7592528135303387
120,370,27,0.6498453599700594
121,298,27,0.7739617668793217
121,310,27,0.5337857944422235
121,401,27,0.6675168947737772
121,597,27,0.8048130241517166
138,185,27,0.6799370777815786
138,298,27,0.5500968455377266
138,310,27,0.7617973893990571
138,515,27,0.6687081900908227
138,575,27,0.9746573403863624
138,597,27,0.5924123057801738
160,168,27,0.6725838408565527
161,482,27,0.821988574521633
168,189,27,0.7376789597958027
168,219,27,0.8147518821857618
168,273,27,0.9254602360185058
168,298,27,0.931962923451133
168,327,27,0.9201931324935558
168,386,27,0.7090284658292332
168,482,27,0.9725180678276254
168,597,27,0.9145300656197742
168,613,27,0.9661604027409876
168,653,27,0.7879045984668384
168,672,27,0.974917541626378
259,272,27,0.7687139160961711
272,460,27,0.6315483679142758
272,557,27,0.8977500336674257
272,586,27,0.4625726574792163
272,614,27,0.8467000005056787
272,693,27,0.9225643967276412
272,694,27,0.7090070056484168
310,370,27,0.9056249483968488
310,575,27,0.8224636648497013
310,652,27,0.8926657509084774
370,401,27,0.9566760253616624
652,664,27,0.4286001544172422
652,675,27,0.9455763217774198
5,94,28,0.9592347482866852
5,214,28,0.6081151384943099
5,523,28,0.6712483437864704
32,168,28,0.9759387772584064
38,168,28,0.6468548508816807
56,168,28,0.5930570873138143
56,370,28,0.6330498504206078
88,658,28,0.7929475163765494
94,214,28,0.7529247548874519
113,355,28,0.9632475571061706
147,533,28,0.6649298185937689
149,524,28,0.7958822747663796
168,189,28,0.7970601641396678
168,219,28,0.9755759737416636
168,310,28,0.9370245483332804
168,327,28,0.9012065031533
168,386,28,0.7207531688858615
168,407,28,0.7749030469601187
168,594,28,0.9501706323666022
168,613,28,0.9774255854784696
168,616,28,0.8453645402317881
168,672,28,0.9738981993729516
216,524,28,0.7263418706965692
310,370,28,0.8677455222512463
355,538,28,0.9260601435937128
370,393,28,0.9024999516165042
370,594,28,0.5537384504141394
412,524,28,0.5743443099431063
524,680,28,0.679469583016584
5,214,29,0.8926586121479003
5,273,29,0.8454769373126976
31,370,29,0.6021869460480094
94,542,29,0.3459683126505929
106,272,29,0.9254967552827515
106,370,29,0.5398578135652177
106,652,29,0.666759455356957
112,622,29,0.9289091692066967
118,147,29,0.4836047573660696
147,199,29,0.6620341271128026
147,484,29,0.5940684952998182
147,533,29,0.9240207395944574
214,370,29,0.9093644049534456
218,272,29,0.8324180457877668
218,524,29,0.6461489616308254
272,330,29,0.8528304082770899
272,460,29,0.573556443626969
272,652,29,0.6601876593442172
273,370,29,0.8793019525186305
273,524,29,0.9795482894705138
355,594,29,0.4496629712748224
355,679,29,0.3611481767024703
370,393,29,0.9024951702681868
370,401,29,0.6952982324372086
370,594,29,0.527757580330424
393,524,29,0.8890033681676018
401,524,29,0.8990230200215505
412,524,29,0.6269540691795803
508,524,29,0.8545823017815475
8,377,30,0.660477637039049
10,131,30,0.6586232690908133
10,466,30,0.7474182505905095
23,413,30,0.6540783648001451
23,585,30,0.644956181933789
34,377,30,0.6473086941213247
39,245,30,0.5268995276478841
39,547,30,0.8414793606796824
39,612,30,0.5841643740898682
39,692,30,0.6313901307203528
47,52,30,0.874682101554108
47,377,30,0.7934939554836942
47,557,30,0.5266774545894972
48,248,30,0.9738494321825734
48,377,30,0.8556875309973516
52,377,30,0.9676983763669552
52,557,30,0.8429434850292361
66,372,30,0.6241206611578011
88,499,30,0.3838257929600182
88,658,30,0.6730631040514886
97,413,30,0.6520658730179083
97,585,30,0.6425299079243457
107,681,30,0.7065580325536452
110,692,30,0.6678819371323444
112,364,30,0.9791741158791714
112,377,30,0.6252626824289023
112,413,30,0.8149227149749462
112,414,30,0.8889526952933133
137,164,30,0.90161347559115
137,216,30,0.8597337331475813
137,452,30,0.561166168458507
137,573,30,0.9152704204901466
143,413,30,0.7849117641093075
146,692,30,0.672404517915473
150,372,30,0.8293787890774009
150,377,30,0.7727939357688663
174,668,30,0.396012319319031
186,585,30,0.9452736763321228
187,377,30,0.5330204534438999
200,372,30,0.4616172256149065
225,692,30,0.4447004214033946
238,681,30,0.6556011293386834
244,304,30,0.5516572779272424
245,692,30,0.5250735545490559
307,377,30,0.9662183279112622
313,377,30,0.9786777386356904
336,692,30,0.6639751140787423
340,372,30,0.9540923315159392
364,377,30,0.591873297823516
364,413,30,0.7904900965635954
368,681,30,0.4913077722690345
372,583,30,0.5233094979426463
377,413,30,0.9392020581370146
377,512,30,0.8999622057920871
377,557,30,0.9115726927924724
492,692,30,0.5332990772779586
547,692,30,0.6618306657946985
557,692,30,0.3698895818841349
573,585,30,0.9743716103049476
583,585,30,0.8334376135045825
585,597,30,0.7563899130621559
585,637,30,0.95112227535894
606,692,30,0.3779129325546173
612,692,30,0.4560538863843689
681,694,30,0.9798428133725454
692,694,30,0.6726052528936586
1,317,31,0.6574340297142897
1,619,31,0.7258430260380567
10,131,31,0.5495189780002747
10,324,31,0.7280234193835975
10,427,31,0.7298398165361214
10,520,31,0.5188325587099714
13,649,31,0.4821194609631108
14,390,31,0.6438808344433642
18,686,31,0.9715735659553064
21,104,31,0.4751717867843598
23,25,31,0.8649507791289595
23,60,31,0.9776519219036957
23,161,31,0.9793671945844374
23,317,31,0.939976470024934
23,355,31,0.912136455812367
23,410,31,0.9761640478269928
23,411,31,0.9179530743613664
23,413,31,0.7859395175902116
23,585,31,0.839392484626124
23,625,31,0.8097026024452265
24,619,31,0.8965642899450608
25,30,31,0.930149389506792
25,31,31,0.9527544023901766
25,53,31,0.9797455970850486
25,60,31,0.8953481704061104
25,90,31,0.9750811300297556
25,97,31,0.898021567085314
25,141,31,0.979840010481958
25,160,31,0.9428798901080082
25,163,31,0.4908051352768158
25,183,31,0.7157698393795501
25,189,31,0.9800918143096906
25,195,31,0.8967170110277466
25,196,31,0.9594896508713407
25,208,31,0.976531890193294
25,220,31,0.9416152802224498
25,237,31,0.9395830653919092
25,271,31,0.9303337953108776
25,288,31,0.5969554415861732
25,317,31,0.9600750880147272
25,333,31,0.9085158582724496
25,344,31,0.7958674346895079
25,355,31,0.9736234963775874
25,390,31,0.8831394990225843
25,411,31,0.6485845904500651
25,452,31,0.9308420108034172
25,487,31,0.9445433900753116
25,505,31,0.9647223665064562
25,567,31,0.9529296435367234
25,570,31,0.8638713015044043
25,591,31,0.975518445743682
25,598,31,0.9772065154529666
25,619,31,0.9756882799417932
25,625,31,0.9742886674006236
25,651,31,0.9647969516364896
30,60,31,0.7240641354004496
30,317,31,0.8490222728654534
30,625,31,0.9582225579205004
31,53,31,0.946227838337281
31,410,31,0.9670782446443968
31,625,31,0.9221065798459108
31,684,31,0.6366263895748426
42,60,31,0.7143532701789832
42,317,31,0.5663162189384969
45,104,31,0.3774872264754358
47,52,31,0.9214636012207263
47,53,31,0.6355336378577152
47,272,31,0.4248282096028503
47,279,31,0.6206136235809561
47,395,31,0.8129460233745495
47,557,31,0.6018789663772068
47,686,31,0.9032238988797616
48,87,31,0.8341689778802337
48,248,31,0.9534762210002856
52,395,31,0.577791075402519
52,501,31,0.9769371629183669
52,557,31,0.8294075484003035
52,686,31,0.7195503915666127
53,69,31,0.9606622538099748
53,115,31,0.9749214531613364
53,123,31,0.7515297525070679
53,161,31,0.8703200607936693
53,178,31,0.9768910724452816
53,220,31,0.9485874952054482
53,244,31,0.9794775574256624
53,261,31,0.9594343483170352
53,272,31,0.6730278732719741
53,279,31,0.979907291667953
53,296,31,0.9647703595519204
53,317,31,0.9544276931995138
53,355,31,0.9702466745417808
53,410,31,0.8921555697249224
53,486,31,0.96654802105267
53,548,31,0.8350517004218129
53,549,31,0.4964260727021214
53,593,31,0.494006870920513
53,619,31,0.972837692923318
53,625,31,0.976802077683676
53,686,31,0.8753490565080977
60,97,31,0.9800776265307712
60,208,31,0.8581002331063202
60,220,31,0.7495683412178622
60,271,31,0.7244586961590415
60,299,31,0.7755479104790184
60,317,31,0.9572342012976124
60,505,31,0.9516466054745124
60,567,31,0.777304191287559
60,591,31,0.929666734583281
60,594,31,0.435663786140253
60,598,31,0.9233172444819
60,651,31,0.8111915527120711
68,317,31,0.941193751255022
69,92,31,0.9786628695383444
69,103,31,0.9799024036772392
69,115,31,0.9755261022786352
69,220,31,0.8809194806200331
69,268,31,0.8238310419999878
69,342,31,0.9786636654184068
69,454,31,0.9730176460178585
69,476,31,0.9606208782231074
69,653,31,0.8512441170416641
77,383,31,0.9626522057622874
78,417,31,0.9036887220423344
90,317,31,0.975080711333541
90,410,31,0.9366941626551848
90,625,31,0.9585282238706008
92,115,31,0.9792154995624552
94,542,31,0.4975015448172464
94,591,31,0.5021373282183917
97,161,31,0.9793631672330888
97,317,31,0.9586344803035932
97,355,31,0.9371491663120322
97,410,31,0.980027073552638
97,411,31,0.8886272396991827
97,413,31,0.7382755957656695
97,548,31,0.973966871188816
97,585,31,0.7977266303035261
97,625,31,0.8500046268884327
104,123,31,0.3838628001742361
104,163,31,0.539327808427121
104,179,31,0.519564114365355
104,183,31,0.3992848216353758
104,255,31,0.6529670856033624
104,288,31,0.4823572273376514
104,298,31,0.6723775425853995
104,302,31,0.4851446838251496
104,437,31,0.5463347992959118
104,549,31,0.5473771078353643
104,679,31,0.4372702979971357
108,442,31,0.9653051877328492
112,308,31,0.7544092142606328
112,364,31,0.9800457388997748
112,413,31,0.8915530215789493
112,414,31,0.9389196466893156
112,485,31,0.8227532007559896
113,355,31,0.6197948548058142
122,378,31,0.7433702883586624
123,208,31,0.787004943805316
123,220,31,0.8856147321902582
123,355,31,0.6549898454790404
123,478,31,0.7524073850852094
123,591,31,0.6682187331161124
123,597,31,0.5252283025517498
123,651,31,0.8371320909692564
123,679,31,0.9317170431311796
134,390,31,0.7450450790006361
134,442,31,0.976036185505741
140,686,31,0.9274224705971196
141,161,31,0.8720529754523912
141,317,31,0.9552806317022928
141,355,31,0.9707744434391136
141,410,31,0.8937149142102279
143,413,31,0.8002094275013024
152,390,31,0.7063216602615618
152,442,31,0.969106812031756
155,272,31,0.6116284732010588
156,390,31,0.7186407780306009
157,625,31,0.9491806719010611
160,317,31,0.9774190707631816
161,220,31,0.7289671028472823
161,482,31,0.9800991685525764
161,567,31,0.7577924482929728
161,651,31,0.7931649301376819
163,549,31,0.9798989633465978
163,593,31,0.6483515451434986
175,383,31,0.9759896495196184
179,625,31,0.6170407806905295
180,625,31,0.8061537224222064
183,317,31,0.5664960100672026
183,355,31,0.6341976011137388
184,355,31,0.9577659836417234
186,317,31,0.7893793279046684
186,585,31,0.9614939822261582
187,272,31,0.5841209800653253
192,317,31,0.907332375194246
193,317,31,0.977632669646464
195,317,31,0.7988375152035306
195,625,31,0.9344153520295484
196,317,31,0.8996759400379348
208,317,31,0.9397760202142036
208,355,31,0.9604892621067024
208,410,31,0.8669223145453457
208,549,31,0.5449549651164501
208,625,31,0.97982716766595
210,296,31,0.9780258779323372
213,649,31,0.3904099799959409
215,686,31,0.9246078530960468
218,272,31,0.4579308813830723
218,410,31,0.912619061345191
220,244,31,0.9392002453744148
220,261,31,0.8782275014406706
220,272,31,0.6552174555093354
220,317,31,0.8676846357990001
220,355,31,0.9041811876077028
220,390,31,0.9663990379508748
220,410,31,0.7614028868610009
220,485,31,0.8995495708744214
220,549,31,0.6930333128508396
220,593,31,0.5931601448886205
220,625,31,0.9656028378095352
233,378,31,0.6392597320403106
237,317,31,0.976473779287062
244,302,31,0.5854630142478746
244,304,31,0.5058165274957516
244,391,31,0.8350792229117233
244,415,31,0.6035782234511567
246,686,31,0.978723833537411
260,485,31,0.7286575265192783
261,271,31,0.8606526686620141
261,317,31,0.9798255045688884
261,390,31,0.7934533279197241
261,505,31,0.980098972070362
261,591,31,0.9767991004215212
261,651,31,0.9187254744237202
264,687,31,0.6755776088688369
269,585,31,0.5095315718589659
270,317,31,0.9221255158037752
271,317,31,0.849314695382132
271,355,31,0.8887974375736396
271,410,31,0.7368409330467953
271,593,31,0.6050861416839113
272,308,31,0.6720393124334276
272,324,31,0.6717848091541289
272,330,31,0.6728146344716136
272,619,31,0.6661912260786967
275,317,31,0.9783475963443196
279,378,31,0.7978691853433549
279,686,31,0.866434916492225
280,619,31,0.94261635003587
282,383,31,0.8252277301181036
288,549,31,0.9689974943531866
291,378,31,0.615116211877135
291,686,31,0.963115937579074
296,390,31,0.9509330455538124
296,391,31,0.7079252266156851
296,442,31,0.9132238109644328
296,535,31,0.3569922371335075
296,567,31,0.9795975440668192
296,591,31,0.9361165644129692
296,677,31,0.9649176411380428
298,549,31,0.7677491331304538
302,390,31,0.8723604489271258
302,619,31,0.5156434832383404
308,485,31,0.9732991253106136
317,333,31,0.963899674482403
317,344,31,0.8946432813000456
317,355,31,0.976353234046004
317,362,31,0.9778819310811704
317,382,31,0.8328320275461734
317,407,31,0.9643219026032784
317,411,31,0.7831096570306205
317,451,31,0.97715674999325
317,453,31,0.8625398322093133
317,478,31,0.9541156217165742
317,481,31,0.9710784758834828
317,482,31,0.9496902128974029
317,487,31,0.8726346635411729
317,505,31,0.9797908839321088
317,538,31,0.8910249623833408
317,567,31,0.8873703298481201
317,570,31,0.9393252890502064
317,573,31,0.5168497915419519
317,581,31,0.9757484610460732
317,584,31,0.7869211353282031
317,585,31,0.661737175857392
317,591,31,0.974623499629731
317,597,31,0.9770529223411936
317,598,31,0.9723754763534892
317,615,31,0.5180971384406386
317,619,31,0.9744345126064794
317,625,31,0.9329496993603336
317,637,31,0.8390665473146212
317,651,31,0.9103892435385292
317,659,31,0.7287702148183275
326,383,31,0.9731315246791342
330,378,31,0.8155652149460042
330,686,31,0.8490804626220158
331,619,31,0.9584371084295108
333,619,31,0.9392741086997723
338,442,31,0.9235983268564404
343,378,31,0.5818488489308181
344,355,31,0.8562579526896369
344,410,31,0.9557851045286596
344,585,31,0.899295847832294
355,478,31,0.9700521825413017
355,482,31,0.9248978127990756
355,505,31,0.9781954526855696
355,538,31,0.923282057616476
355,567,31,0.9203300991684256
355,591,31,0.9799359716354962
355,597,31,0.9665717981380856
355,651,31,0.9386214087562044
355,679,31,0.5272635729767398
360,378,31,0.690093944631851
360,686,31,0.9370857484903592
361,383,31,0.960778676315828
364,413,31,0.8957873487267599
364,485,31,0.817103275277187
375,442,31,0.9624662639630288
377,535,31,0.531750358612119
378,390,31,0.9290640930361844
378,395,31,0.6204526875860709
378,463,31,0.7971417264412464
378,486,31,0.8620692769421905
378,521,31,0.6163383615286216
378,643,31,0.8662672876152991
378,691,31,0.940180613338946
383,397,31,0.979779011147061
388,410,31,0.9476325607409668
390,391,31,0.5227296896462702
390,442,31,0.7998845515919129
390,450,31,0.7097549728723191
390,473,31,0.6972127854523288
390,522,31,0.6712490815469052
390,534,31,0.711775554867976
390,535,31,0.4845707903511789
390,619,31,0.838880812798673
390,647,31,0.6687676923585776
390,677,31,0.8945921475918563
390,686,31,0.618235307472633
390,687,31,0.957732286732656
391,442,31,0.905709066931384
395,686,31,0.9617215621373598
410,505,31,0.9559195005678344
410,567,31,0.788480313500956
410,591,31,0.935382288461968
410,651,31,0.8214720543254302
411,505,31,0.768062020053366
411,591,31,0.7165184232875407
413,485,31,0.5271946109910076
414,625,31,0.850720547878812
425,619,31,0.979468449874801
441,686,31,0.9783119138086412
442,522,31,0.960516957625572
442,653,31,0.8487852494968497
442,677,31,0.9614665770539118
475,649,31,0.3462959158550877
485,611,31,0.6663141293650037
486,686,31,0.7901857345030399
490,625,31,0.7680249574962192
495,686,31,0.9746626739792488
501,686,31,0.770646970898564
505,585,31,0.6433719510088226
505,625,31,0.9401978914085616
521,686,31,0.9628022091228288
549,567,31,0.6610483315718645
549,625,31,0.564023436556666
567,593,31,0.5781867669367367
567,625,31,0.9721989441568744
571,625,31,0.9638116215056586
573,585,31,0.9632443327037
585,591,31,0.5817175350140018
585,597,31,0.7166451159080106
585,637,31,0.9401549763241658
585,639,31,0.7289930253914187
591,593,31,0.4338441355232655
591,625,31,0.9594417656748704
593,625,31,0.5298305834568855
603,619,31,0.9238704573901356
619,651,31,0.9441035872994576
619,677,31,0.9727355116545322
625,651,31,0.9778353788899542
625,683,31,0.9800977891842968
636,686,31,0.9043878602873384
1,619,32,0.4522010364879136
3,593,32,0.7992666148158072
4,633,32,0.9797198363725742
6,104,32,0.8830758797346163
6,168,32,0.9127190265328348
6,628,32,0.9330331531255128
17,104,32,0.662586367194208
17,138,32,0.4968368756406874
17,168,32,0.6516757047670747
17,431,32,0.6684617659675186
28,168,32,0.5398646183498925
30,625,32,0.608797607129105
33,104,32,0.3577783400839216
33,163,32,0.6694694786549589
33,288,32,0.6405842943863411
33,549,32,0.662601498332537
34,104,32,0.9407266256073128
34,377,32,0.5315061255396217
34,628,32,0.8941337803918764
43,207,32,0.7716445096334118
58,138,32,0.7855127224794545
67,104,32,0.9389182593900084
67,168,32,0.9149518995656865
67,628,32,0.891504438231449
78,417,32,0.8754482379896911
79,467,32,0.861015490759004
84,104,32,0.6916458617521186
84,593,32,0.6522693324783441
84,628,32,0.7803291630085015
91,139,32,0.890828014716538
102,378,32,0.5942185223171154
104,130,32,0.8487409497687134
104,149,32,0.9406801011598324
104,151,32,0.6668663866124982
104,255,32,0.9772122526220977
104,273,32,0.954442502715737
104,278,32,0.7550202702970522
104,297,32,0.9330575351452528
104,298,32,0.7842027170908986
104,310,32,0.6780971548371626
104,337,32,0.8526793666597168
104,376,32,0.9507655471710158
104,394,32,0.8847860589208074
104,401,32,0.7902290528620184
104,403,32,0.9800997490368382
104,406,32,0.852518456384719
104,420,32,0.6905203734123802
104,424,32,0.9082471738111346
104,431,32,0.9783893588785324
104,437,32,0.5736671524061426
104,461,32,0.8980609629817269
104,532,32,0.9392948580189586
104,583,32,0.8780511737433119
104,587,32,0.7678024490406812
104,613,32,0.9404991734036906
104,628,32,0.9708430611715448
104,632,32,0.9540637972040968
104,657,32,0.9469853444681118
104,660,32,0.901636545718958
120,370,32,0.836623729384946
122,378,32,0.3824674738342364
123,220,32,0.6525155462741082
123,478,32,0.6252695253973565
123,597,32,0.944986652507103
123,651,32,0.6731989006053312
126,168,32,0.9702967126179982
126,628,32,0.9599043157337817
126,649,32,0.4756938481835777
130,628,32,0.9079299906685117
137,290,32,0.6823544011961993
137,310,32,0.6833307527168763
137,311,32,0.9791746233071956
137,401,32,0.7859041998849209
137,587,32,0.7718126401133645
137,672,32,0.9797605868241476
138,273,32,0.6883242148717414
138,281,32,0.6329167554793765
138,431,32,0.7965726730482371
138,457,32,0.9258492671857989
138,461,32,0.9085745292347768
138,583,32,0.5102382546077191
146,377,32,0.6387803291322885
149,168,32,0.9171591841059484
149,290,32,0.4792112999427192
149,370,32,0.923046411738288
149,416,32,0.974080866033675
151,628,32,0.6479358351061265
155,377,32,0.4730942137233604
157,625,32,0.639272011331233
163,416,32,0.5763857273294103
163,549,32,0.9775355913561572
168,273,32,0.934845780994674
168,290,32,0.7337657035239387
168,298,32,0.7374644707355709
168,310,32,0.6226000874274528
168,337,32,0.8868048796059022
168,376,32,0.9660495484604128
168,420,32,0.7411759290794473
168,424,32,0.8777674322867319
168,461,32,0.916624476364284
168,583,32,0.8425798403903463
168,613,32,0.9378966310212244
168,657,32,0.925152934244456
168,660,32,0.9281294561430526
168,672,32,0.9742312713504256
177,461,32,0.6710798776428312
179,625,32,0.5893954107001315
207,220,32,0.5114842944915899
207,651,32,0.6028947906428067
220,244,32,0.653008791594641
220,390,32,0.5553814071154863
220,485,32,0.4571956223241745
220,625,32,0.4038725536987382
220,684,32,0.5212399676965471
244,302,32,0.6345490312609146
244,415,32,0.5884176166768587
255,628,32,0.9782910831819738
264,687,32,0.8221730025115078
273,370,32,0.9398376389646542
273,416,32,0.9785842289890792
273,628,32,0.9148799590110952
279,378,32,0.5575873958060166
280,619,32,0.4619866256649071
281,431,32,0.6480409043543016
288,549,32,0.9711988581612342
290,300,32,0.6729969403554156
290,401,32,0.9338921577544624
290,671,32,0.9353711070848256
296,567,32,0.6956307149299797
298,370,32,0.7486109300943921
298,416,32,0.8740050065715811
298,549,32,0.838180940941897
298,627,32,0.5225393096622833
298,628,32,0.6961864818590878
302,390,32,0.7887212921854443
302,619,32,0.500963342362656
310,370,32,0.6357066617442605
310,416,32,0.7901937246139313
310,628,32,0.57466189125488
323,628,32,0.6183311649578377
329,378,32,0.596419950158954
333,619,32,0.632924759273463
336,377,32,0.8580359378678251
355,679,32,0.4607446082403642
366,370,32,0.9630189282054304
370,376,32,0.9630186899186234
370,401,32,0.8226717682690187
370,437,32,0.5263835380372205
370,583,32,0.8511832114733827
373,627,32,0.8806472207827808
373,633,32,0.9217987473264329
376,628,32,0.9744181894443368
377,535,32,0.5871144390751831
377,619,32,0.5125162433014161
377,644,32,0.7947304556977227
377,646,32,0.6748066406413317
378,390,32,0.6305988809101847
378,463,32,0.5697312325223419
378,558,32,0.4114525151419856
378,643,32,0.3910449599642994
378,691,32,0.6387098091504491
390,619,32,0.6382076795821812
390,687,32,0.874769207225002
401,416,32,0.6781402728494712
401,628,32,0.8622607995409872
414,625,32,0.4450597740874332
416,549,32,0.5175718017045797
416,587,32,0.8501195232621257
416,613,32,0.926131792986838
416,672,32,0.9705168084656616
420,628,32,0.77936776066902
424,628,32,0.8491622399538646
431,457,32,0.9398256141424628
431,583,32,0.9022352845978784
461,633,32,0.9267235356471262
485,493,32,0.3848475049031693
485,546,32,0.2951457712222241
485,611,32,0.3801732500518204
490,625,32,0.6120515203334542
496,628,32,0.9701952687052026
505,625,32,0.3901702573641484
549,625,32,0.5271109378298867
567,625,32,0.5318012195566193
571,625,32,0.359712687611444
576,649,32,0.7265862489521324
583,628,32,0.8100504036814675
603,619,32,0.6440098349698926
614,628,32,0.9777148447392848
619,651,32,0.4582631402497926
625,651,32,0.4466350143542015
625,683,32,0.6629060187951109
627,633,32,0.9744171608712168
628,660,32,0.9458071102430928
628,671,32,0.7378040339053417
633,661,32,0.8208450868228356
3,593,33,0.5072157849435257
4,633,33,0.9287864490875192
6,104,33,0.962750067694271
6,628,33,0.9379438565407796
7,357,33,0.9296655071084896
7,686,33,0.951895939871797
18,686,33,0.9119472172905272
22,52,33,0.5221412151733384
25,90,33,0.4575043671586695
25,208,33,0.3585298571966278
25,240,33,0.3985131294176472
25,290,33,0.5345405037996598
25,317,33,0.3679275310585668
25,355,33,0.3481055402234044
25,411,33,0.3711494033060481
25,570,33,0.3539770698563937
25,648,33,0.33087101402023
25,693,33,0.4323082048889686
27,686,33,0.8446227984846574
30,104,33,0.5526259099510827
30,416,33,0.6650568181071628
30,628,33,0.4845929319042881
51,290,33,0.578420691757367
52,79,33,0.9430308900782411
52,467,33,0.9342680531566904
52,501,33,0.77135681382065
52,557,33,0.9424954854835206
52,671,33,0.609238767731385
52,690,33,0.499279940189598
52,693,33,0.54606662211827
55,413,33,0.9402688583685046
62,123,33,0.7454684917733821
64,117,33,0.6431173266654566
64,317,33,0.6534682337928651
66,117,33,0.3944283114724738
66,567,33,0.4729721061097365
79,467,33,0.8182391798558847
80,117,33,0.4606865671979683
80,317,33,0.9429470223357864
90,317,33,0.4458510356194287
90,410,33,0.6370486043081764
104,255,33,0.8930813665386154
104,269,33,0.5966865404008977
104,271,33,0.9286098866604242
104,273,33,0.773270419072713
104,337,33,0.7872346682710724
104,394,33,0.9699798740754584
104,401,33,0.6592002816425937
104,403,33,0.9351050182829932
104,406,33,0.9366056552276424
104,431,33,0.9150269847522834
104,437,33,0.5855454190397666
104,538,33,0.6355149796289812
104,567,33,0.67388896692275
104,628,33,0.9343206345554396
116,357,33,0.79922528574524
117,132,33,0.3540941165546593
117,176,33,0.6708058774896825
117,193,33,0.5981258503871906
117,195,33,0.6403315503174944
117,202,33,0.4592849846343783
117,208,33,0.3051851855136527
117,237,33,0.6590982184024435
117,240,33,0.2492297154893607
117,266,33,0.4587235153298892
117,290,33,0.428885225652603
117,299,33,0.6643134527838865
117,317,33,0.5770981340808907
117,355,33,0.5888002864061704
117,386,33,0.6650414010634575
117,407,33,0.5308802757741662
117,411,33,0.5751039628386647
117,423,33,0.5419604703179833
117,530,33,0.5828115533803118
117,648,33,0.3351352277697061
117,671,33,0.5630469281118379
117,679,33,0.459199639618101
123,312,33,0.5856001628139003
123,660,33,0.6219844444248643
132,686,33,0.9778557825959668
137,269,33,0.4168786939772246
137,311,33,0.6731390173762635
137,401,33,0.4694382576918105
137,672,33,0.5906335734767287
138,271,33,0.9779274576822338
138,417,33,0.9777200463753932
138,431,33,0.7113382833080502
138,567,33,0.8947271084728087
140,686,33,0.9767075450723154
147,507,33,0.585850362208009
176,413,33,0.8228919811391231
177,299,33,0.8695343075872468
192,628,33,0.6518149944315453
193,317,33,0.9780853787423728
195,317,33,0.9549286907963592
201,627,33,0.9526262400746512
204,410,33,0.9800974484334526
208,317,33,0.6413005920094321
208,355,33,0.6337938610228669
208,410,33,0.6585994528643743
218,290,33,0.9524077501006424
218,410,33,0.9783513998830884
225,357,33,0.6495247528359328
237,290,33,0.7651430425269601
237,317,33,0.9253398125159518
240,290,33,0.6682395610660022
240,317,33,0.6030257629955678
240,355,33,0.5922571532085359
240,357,33,0.6459902406384809
240,485,33,0.3181095748175363
255,628,33,0.8957046819507418
257,290,33,0.583960206162577
264,687,33,0.609766541855121
271,416,33,0.6983444359892044
271,628,33,0.9196636855794872
273,416,33,0.958662187282564
273,628,33,0.67101786266888
286,648,33,0.4909839712246462
287,410,33,0.8459635077824358
290,317,33,0.924259043568552
290,386,33,0.7340964042644762
290,488,33,0.8987481789304561
290,648,33,0.6683591180972949
290,671,33,0.9363470986867451
296,567,33,0.7273328412324156
308,413,33,0.9105600075386644
308,485,33,0.3800785349731299
312,355,33,0.417973516268901
317,355,33,0.9795075203641108
317,362,33,0.518053467627369
317,407,33,0.9728887571157396
317,411,33,0.9800839345318532
317,488,33,0.9776220447676428
317,530,33,0.979963073058222
317,570,33,0.9798046342165728
317,584,33,0.9175567787327364
317,648,33,0.657092657230177
317,671,33,0.9793446444028135
318,561,33,0.7496231183841491
328,410,33,0.8622702665911117
334,593,33,0.8603092164435225
339,686,33,0.9431830074889443
353,485,33,0.4067632002392718
355,648,33,0.6516063920414653
355,679,33,0.9321728332301196
357,467,33,0.5011094178482729
357,529,33,0.9373931378844944
357,648,33,0.6280981849438663
357,653,33,0.8664679435861302
357,671,33,0.8603259606975423
357,690,33,0.9039736956140004
357,693,33,0.8878902661853345
367,686,33,0.9498867311416296
401,628,33,0.7080615329838092
410,648,33,0.6434238920043094
411,648,33,0.6579200142229853
413,648,33,0.636658363261415
416,672,33,0.5405818273966851
419,686,33,0.966305526961833
428,627,33,0.6553067635058509
428,633,33,0.6720849431660707
437,628,33,0.5217166940616895
467,693,33,0.766505067700486
496,628,33,0.9322104623517322
497,686,33,0.6716819746839281
501,686,33,0.7240296638452571
537,686,33,0.8570085550136282
538,628,33,0.5814421100172629
567,628,33,0.7205676194660317
593,648,33,0.4070551092567139
614,628,33,0.6387021042328733
627,633,33,0.9653834101598664
648,686,33,0.6380623746355908
671,686,33,0.8580214181754904
686,690,33,0.9144253203824
686,693,33,0.8930685997866794
6,104,34,0.9396820787981064
7,53,34,0.3386907628755233
7,686,34,0.9470805534138572
10,427,34,0.6534607576450343
10,520,34,0.3575680891063906
10,624,34,0.6636160701092939
18,686,34,0.7245158187361413
23,25,34,0.4405775048474367
23,161,34,0.6357614859394125
23,290,34,0.6687826961089711
23,410,34,0.5135785395917487
23,517,34,0.3637955508443916
23,566,34,0.2767580413434626
23,575,34,0.3492570853139323
23,652,34,0.5880690562104618
25,30,34,0.6410792913623723
25,31,34,0.8586467217477413
25,33,34,0.5683682108485308
25,53,34,0.6332394395015537
25,90,34,0.951810482601531
25,208,34,0.6681773376460564
25,240,34,0.4696471745073829
25,290,34,0.5524663478376247
25,340,34,0.587850537734322
25,517,34,0.6608199008193583
25,566,34,0.6714655110597446
25,575,34,0.9662996628743724
25,583,34,0.8003012696942413
25,632,34,0.9785798195539392
25,660,34,0.8747791849935519
25,662,34,0.9190610482960498
27,686,34,0.9735686255327732
30,33,34,0.6250746154465798
30,290,34,0.929775762679361
30,517,34,0.5224712387041821
30,566,34,0.4052942429806981
30,575,34,0.5169786385626893
30,662,34,0.4609620423756994
31,53,34,0.6442314387819758
31,357,34,0.855962966067206
31,410,34,0.7894592992860765
31,517,34,0.5286134888797911
33,218,34,0.6698977813394366
33,566,34,0.3716116526497117
36,652,34,0.9259515570205756
45,104,34,0.8909035658726356
53,123,34,0.3987483169676283
53,161,34,0.4348426693227734
53,286,34,0.643735813337856
53,357,34,0.6316385927111391
53,410,34,0.5905954876404637
53,416,34,0.6672643766225713
53,486,34,0.6731880953995324
53,517,34,0.3969941904263602
53,566,34,0.4450902569624877
53,575,34,0.6625307864002726
53,593,34,0.6270373160796208
53,644,34,0.6105519466205075
53,652,34,0.4606610766667661
53,662,34,0.6403499421053226
53,682,34,0.3851986075592764
53,686,34,0.4770233311922747
62,123,34,0.9657913480979476
75,290,34,0.97829648712149
80,317,34,0.7669466578623183
84,104,34,0.90964164271109
90,410,34,0.9045674044530068
90,662,34,0.9401592182535204
91,139,34,0.7129672889113253
104,193,34,0.9304908195302184
104,195,34,0.9499566114819414
104,212,34,0.9673248999099582
104,223,34,0.6225500092276913
104,255,34,0.9637412550461276
104,269,34,0.673185421614073
104,317,34,0.9774618965814508
104,337,34,0.8242245789228724
104,355,34,0.8528592060023011
104,394,34,0.9677848630050692
104,403,34,0.6723995408743874
104,406,34,0.5668655200058008
104,407,34,0.8861046272742128
104,420,34,0.9008380707615118
104,423,34,0.95641251721692
104,431,34,0.6306713114770917
104,538,34,0.6348908986411866
104,648,34,0.52084069335481
104,679,34,0.7200946751802709
123,208,34,0.6007058789850496
123,312,34,0.9799086157465852
123,478,34,0.9158118283452202
123,566,34,0.5308386133361513
123,660,34,0.9727274540752568
123,678,34,0.3373940302190379
127,627,34,0.7379173001843232
132,686,34,0.9769117156051368
138,317,34,0.8986698399491536
138,417,34,0.6448067571693943
138,431,34,0.8258120459101165
138,597,34,0.6647647205464994
138,648,34,0.6145309842342167
140,686,34,0.8786456400845316
146,652,34,0.4572881339852954
161,566,34,0.557861268408256
161,662,34,0.6969377733149922
176,413,34,0.3826215116748825
192,317,34,0.6539880543041251
192,413,34,0.325649856997894
193,317,34,0.950559707982955
194,566,34,0.4196248678785672
195,317,34,0.9297142667206638
201,627,34,0.8867235655707548
204,410,34,0.7136328625129896
208,410,34,0.672853527379348
208,416,34,0.5550815357777205
208,517,34,0.4612725845767507
208,566,34,0.4537231116418038
208,575,34,0.6450433892746872
208,662,34,0.6098427478116314
210,566,34,0.4032602337646672
216,290,34,0.5162350136217043
216,416,34,0.8887950833977551
218,290,34,0.9341889867436372
218,410,34,0.8552082168646121
229,566,34,0.6562143077211902
240,357,34,0.4662887898866624
240,416,34,0.6391241352525794
240,431,34,0.4832891658511338
240,485,34,0.648477811222607
240,517,34,0.2534116237790479
240,566,34,0.3455207494405899
240,575,34,0.5436877697125779
240,662,34,0.5386566528836424
255,317,34,0.9742220924507444
270,575,34,0.9799734376996664
270,662,34,0.940081135103054
273,517,34,0.4387269452610123
285,652,34,0.645628226380435
286,566,34,0.6049906310506707
286,662,34,0.8815078964316297
290,379,34,0.9139681817024614
290,566,34,0.3386037594020388
290,583,34,0.8591746784069527
291,686,34,0.921931067905188
302,357,34,0.6001421325664433
302,566,34,0.4274203143250299
308,485,34,0.8756564857945394
312,566,34,0.5389163637204645
317,355,34,0.8859733421059213
317,358,34,0.9732530645478392
317,407,34,0.9144285609913594
317,530,34,0.8931448732858965
317,538,34,0.6840577045683812
317,584,34,0.7791017621349227
317,648,34,0.5507123238253707
317,671,34,0.7943047404331649
334,517,34,0.4739508365277706
334,593,34,0.7954752581953184
353,485,34,0.9306346022883548
355,403,34,0.5689343774033021
355,406,34,0.6722007092430151
355,538,34,0.8943645892221552
355,597,34,0.7841867228323546
355,648,34,0.6633893009505462
355,679,34,0.9542207704523494
357,494,34,0.3983999881309027
357,529,34,0.97479125466627
357,566,34,0.6711142030905468
357,644,34,0.9768378351985963
357,662,34,0.917653311600115
367,686,34,0.8234915546027596
368,575,34,0.9798967675813676
368,686,34,0.5770972612622437
382,416,34,0.9609712002793396
396,416,34,0.6634874127444045
410,437,34,0.5247315555366996
410,566,34,0.6560635385762268
410,660,34,0.9323200045330052
416,566,34,0.618108242406143
416,662,34,0.9076087202138876
437,662,34,0.7393875188546928
467,693,34,0.905126202081451
474,686,34,0.967155847402329
478,566,34,0.3485433392218025
485,566,34,0.3644370684144442
485,638,34,0.5059099782539873
486,686,34,0.6985903866565203
517,566,34,0.4463946786253777
517,583,34,0.6043697006976808
517,593,34,0.6639593405873788
517,662,34,0.59348455406228
537,686,34,0.7154100453252737
566,575,34,0.6700866735219685
566,583,34,0.5239428616479388
566,593,34,0.6699701390044928
566,616,34,0.4622283815917822
566,632,34,0.6731127955491348
566,652,34,0.5661714055624766
566,660,34,0.5775313533301164
566,662,34,0.639486301381397
566,682,34,0.5204266849467465
575,583,34,0.7064217427192176
575,662,34,0.9395087151381116
583,662,34,0.6498169523801778
593,660,34,0.8860563615986392
627,633,34,0.6882181901424299
633,661,34,0.9618460857775444
641,686,34,0.4246656805139405
644,652,34,0.8860142481797227
648,686,34,0.5460425627322666
648,687,34,0.6508466367306001
686,690,34,0.6787503520583774
3,517,35,0.6732
3,593,35,0.9801
6,104,35,0.646
6,357,35,0.6732
7,357,35,0.9801
7,686,35,0.9801
10,427,35,0.6732
23,117,35,0.6732
23,161,35,0.9801
23,290,35,0.9801
23,372,35,0.6732
23,411,35,0.9801
23,413,35,0.6732
23,652,35,0.9801
25,90,35,0.9801
25,104,35,0.9405
25,195,35,0.9801
25,208,35,0.6732
25,240,35,0.6732
25,317,35,0.6732
25,517,35,0.6732
25,566,35,0.6732
25,575,35,0.9405
25,606,35,0.9801
25,648,35,0.6732
25,662,35,0.6732
25,693,35,0.9801
27,686,35,0.9801
30,33,35,0.9025
30,117,35,0.646
30,290,35,0.9405
30,372,35,0.646
33,117,35,0.646
33,218,35,0.9405
36,652,35,0.9801
39,99,35,0.6732
39,204,35,0.9801
39,220,35,0.6732
39,313,35,0.6732
39,567,35,0.9405
45,104,35,0.9405
62,117,35,0.6732
62,123,35,0.9801
67,117,35,0.4624000000000001
67,372,35,0.4624000000000001
75,290,35,0.9801
79,272,35,0.6732
79,652,35,0.9801
80,317,35,0.6732
84,104,35,0.9405
84,593,35,0.9801
86,117,35,0.4624000000000001
90,104,35,0.9405
90,317,35,0.6732
90,410,35,0.9801
90,662,35,0.6732
91,139,35,0.9801
104,130,35,0.9405
104,194,35,0.646
104,195,35,0.9405
104,208,35,0.646
104,212,35,0.9405
104,229,35,0.9405
104,240,35,0.646
104,278,35,0.9405
104,317,35,0.646
104,394,35,0.9405
104,396,35,0.9025
104,403,35,0.646
104,407,35,0.9405
104,423,35,0.9405
104,437,35,0.646
104,566,35,0.646
104,648,35,0.646
104,662,35,0.646
104,679,35,0.9405
117,123,35,0.6732
117,204,35,0.6732
117,214,35,0.6732
117,218,35,0.6732
117,220,35,0.4624000000000001
117,224,35,0.6732
117,234,35,0.6732
117,266,35,0.6732
117,271,35,0.6732
117,273,35,0.6732
117,279,35,0.6732
117,281,35,0.646
117,290,35,0.6732
117,325,35,0.646
117,337,35,0.6732
117,340,35,0.6732
117,372,35,0.4624000000000001
117,376,35,0.6732
117,379,35,0.6732
117,386,35,0.6732
117,388,35,0.6732
117,393,35,0.4624000000000001
117,401,35,0.6732
117,411,35,0.6732
117,457,35,0.6732
117,478,35,0.6732
117,567,35,0.646
117,583,35,0.6732
117,616,35,0.6732
117,659,35,0.646
117,660,35,0.6732
117,671,35,0.6732
123,220,35,0.6732
123,312,35,0.9801
123,401,35,0.9801
123,478,35,0.9801
123,660,35,0.9801
128,290,35,0.9801
132,686,35,0.9801
161,220,35,0.6732
161,567,35,0.9405
176,662,35,0.4624000000000001
177,566,35,0.646
194,566,35,0.4624000000000001
195,317,35,0.6732
195,566,35,0.6732
195,662,35,0.6732
204,372,35,0.6732
208,317,35,0.4624000000000001
208,410,35,0.6732
208,416,35,0.6732
208,517,35,0.4624000000000001
208,566,35,0.4624000000000001
208,575,35,0.646
208,662,35,0.4624000000000001
210,296,35,0.6732
216,416,35,0.9801
218,272,35,0.6732
218,290,35,0.9801
220,272,35,0.4624000000000001
220,290,35,0.6732
220,372,35,0.4624000000000001
220,413,35,0.4624000000000001
220,652,35,0.6732
220,682,35,0.6732
229,566,35,0.6732
240,317,35,0.4624000000000001
240,357,35,0.6732
240,416,35,0.6732
240,517,35,0.4624000000000001
240,566,35,0.4624000000000001
240,575,35,0.646
240,662,35,0.4624000000000001
246,686,35,0.9405
252,372,35,0.4624000000000001
270,317,35,0.6732
270,575,35,0.9405
270,662,35,0.6732
271,290,35,0.9801
271,372,35,0.6732
272,274,35,0.646
272,285,35,0.4624000000000001
272,307,35,0.6732
272,330,35,0.646
272,652,35,0.6732
272,671,35,0.6732
273,372,35,0.6732
285,652,35,0.6732
286,566,35,0.646
286,648,35,0.646
286,662,35,0.646
287,410,35,0.9801
290,372,35,0.6732
290,379,35,0.9801
290,386,35,0.9801
290,401,35,0.9801
290,567,35,0.9405
290,583,35,0.9801
290,671,35,0.9801
296,535,35,0.9405
296,567,35,0.9405
317,362,35,0.646
317,407,35,0.6732
317,481,35,0.6732
317,517,35,0.4624000000000001
317,530,35,0.4624000000000001
317,566,35,0.4624000000000001
317,575,35,0.646
317,648,35,0.4624000000000001
317,662,35,0.4624000000000001
334,517,35,0.6732
334,593,35,0.9801
337,372,35,0.6732
340,372,35,0.6732
340,411,35,0.9801
357,467,35,0.9801
357,529,35,0.9801
357,566,35,0.6732
357,644,35,0.9801
357,648,35,0.6732
357,662,35,0.6732
357,690,35,0.9801
357,693,35,0.9801
367,686,35,0.9801
372,379,35,0.6732
372,411,35,0.6732
372,455,35,0.6732
372,494,35,0.646
372,567,35,0.646
372,583,35,0.6732
372,604,35,0.646
372,616,35,0.6732
372,660,35,0.6732
372,666,35,0.4624000000000001
380,566,35,0.6732
396,416,35,0.9405
410,437,35,0.6732
410,566,35,0.6732
410,648,35,0.6732
411,567,35,0.9405
413,567,35,0.646
413,652,35,0.6732
416,566,35,0.6732
416,648,35,0.6732
416,662,35,0.6732
419,686,35,0.9801
437,662,35,0.4624000000000001
439,686,35,0.9801
467,566,35,0.6732
467,686,35,0.9801
467,693,35,0.9801
486,686,35,0.6732
517,566,35,0.4624000000000001
517,593,35,0.6732
517,648,35,0.4624000000000001
517,662,35,0.4624000000000001
537,662,35,0.6732
537,686,35,0.9801
566,575,35,0.646
566,593,35,0.6732
566,633,35,0.646
566,648,35,0.4624000000000001
566,662,35,0.4624000000000001
566,686,35,0.6732
567,652,35,0.9405
575,648,35,0.646
575,662,35,0.646
575,693,35,0.9405
593,648,35,0.6732
627,633,35,0.646
633,661,35,0.9405
633,662,35,0.646
636,686,35,0.9801
644,686,35,0.9801
648,662,35,0.4624000000000001
648,686,35,0.6732
652,671,35,0.9801
686,690,35,0.9801
686,693,35,0.9801
